130 240 128 128 128 128 128 128 128 128 144 128 130 160 128 128 128 128 128 128 128 128 144 128 131 192 128 128 128 128 128 128 128 128 160 128 131 176 128 128 128 128 128 128 128 128 144 128 130 160 128 128 128 128 128 128 128 128 128 128 129 144 F:\毕业论文\SkinRetrieval0.3特征数组\pics\batch1\1.jpg
129 240 129 144 144 128 128 128 128 128 128 128 129 144 128 144 160 128 128 128 128 128 128 128 130 176 129 144 176 128 128 128 128 128 128 128 131 160 129 160 176 128 128 128 128 128 128 128 129 144 128 128 144 128 128 128 128 128 128 128 129 144 128 128 144 F:\毕业论文\SkinRetrieval0.3特征数组\pics\batch1\10.jpg
129 240 128 128 144 128 128 128 128 128 128 128 129 144 128 128 144 128 128 128 128 128 128 128 130 144 128 128 144 128 128 128 128 128 128 128 129 128 128 128 144 128 128 128 128 128 128 128 129 128 128 128 128 128 128 128 128 128 128 128 129 128 128 128 144 F:\毕业论文\SkinRetrieval0.3特征数组\pics\batch1\11.jpg
132 242 130 128 128 128 128 128 128 128 160 128 128 144 128 128 128 128 128 128 128 128 128 128 130 160 130 128 128 128 128 128 128 128 144 128 130 160 129 128 128 128 128 128 128 128 144 128 129 144 129 128 128 128 128 128 128 128 144 F:\毕业论文\SkinRetrieval0.3特征数组\pics\batch1\12.jpg
128 240 128 128 144 128 128 128 128 128 128 128 129 144 128 144 145 129 128 128 128 128 128 128 130 160 128 145 194 146 128 128 128 128 128 128 130 144 128 145 162 146 128 128 128 128 128 128 129 128 128 128 145 129 128 128 128 128 128 128 129 128 128 144 161 129 128 F:\毕业论文\SkinRetrieval0.3特征数组\pics\batch1\13.jpg
128 240 128 128 128 128 128 128 128 128 128 128 130 144 128 128 145 129 128 128 128 128 128 128 131 160 129 144 161 129 128 128 128 128 128 128 130 160 128 144 161 129 128 128 128 128 128 128 129 128 128 128 145 129 128 128 128 128 128 128 129 128 128 128 128 129 128 F:\毕业论文\SkinRetrieval0.3特征数组\pics\batch1\14.jpg
128 240 128 128 128 128 128 128 128 128 128 128 130 144 128 128 128 128 128 128 129 128 144 128 132 160 128 128 128 128 128 128 129 128 160 128 132 144 128 128 128 128 128 128 129 144 160 128 129 128 128 128 128 128 128 128 129 128 144 128 130 144 128 128 128 128 128 128 129 128 144 F:\毕业论文\SkinRetrieval0.3特征数组\pics\batch1\15.jpg
129 240 128 128 128 128 128 128 128 128 144 128 129 144 128 128 128 128 128 128 128 128 160 128 131 160 128 128 128 128 128 128 129 144 192 128 130 160 128 128 128 128 128 128 128 128 176 128 129 144 128 128 128 128 128 128 128 128 144 128 129 144 128 128 128 128 128 128 128 128 144 F:\毕业论文\SkinRetrieval0.3特征数组\pics\batch1\16.jpg
129 224 128 128 128 128 128 128 129 128 144 128 130 160 128 128 128 128 128 128 130 128 144 128 131 176 128 128 128 128 128 128 130 128 144 128 132 192 128 128 128 128 128 144 132 128 160 128 129 160 128 128 128 128 128 128 129 128 128 128 130 160 128 128 128 128 128 128 130 128 144 F:\毕业论文\SkinRetrieval0.3特征数组\pics\batch1\2.jpg
128 240 128 128 128 128 128 128 128 128 128 128 130 144 128 128 128 128 128 128 128 144 144 128 132 144 128 128 128 128 128 128 128 144 144 128 132 144 128 128 128 128 128 128 128 144 160 128 130 128 128 128 128 128 128 128 128 128 144 128 130 128 128 128 128 128 128 128 128 128 144 F:\毕业论文\SkinRetrieval0.3特征数组\pics\batch1\3.jpg
129 240 128 128 128 128 128 128 128 128 128 128 129 160 128 144 160 128 128 128 128 128 128 128 129 160 129 144 176 128 128 128 128 128 128 128 129 160 128 144 176 128 128 128 128 128 128 128 128 144 128 128 144 128 128 128 128 128 128 128 128 144 128 128 144 F:\毕业论文\SkinRetrieval0.3特征数组\pics\batch1\4.jpg
128 224 128 129 128 128 128 128 128 128 128 128 129 144 128 146 160 128 128 128 128 128 128 128 129 160 128 164 192 128 128 128 128 128 128 128 129 144 128 165 192 128 128 128 128 128 128 128 128 128 128 146 160 128 128 128 128 128 128 128 128 128 128 146 160 F:\毕业论文\SkinRetrieval0.3特征数组\pics\batch1\5.jpg
128 240 128 128 128 128 128 128 128 128 128 128 130 144 128 160 160 128 128 128 128 128 128 128 130 144 128 176 176 128 128 128 128 128 128 128 130 144 128 177 192 128 128 128 128 128 128 128 129 128 128 144 144 128 128 128 128 128 128 128 129 128 128 160 144 F:\毕业论文\SkinRetrieval0.3特征数组\pics\batch1\6.jpg
128 240 128 129 144 128 128 128 128 128 128 128 128 144 129 146 160 128 128 128 128 128 128 128 128 160 129 164 176 128 128 128 128 128 128 128 129 160 129 147 192 129 128 128 128 128 128 128 128 144 128 129 144 128 128 128 128 128 128 128 128 128 128 129 144 F:\毕业论文\SkinRetrieval0.3特征数组\pics\batch1\7.jpg
129 240 128 128 128 128 128 128 128 128 128 128 130 144 128 144 144 128 128 128 128 128 144 128 133 176 128 144 144 128 128 128 128 128 144 128 133 160 128 144 160 128 128 128 128 128 144 128 130 144 128 128 128 128 128 128 128 128 128 128 130 144 128 144 144 F:\毕业论文\SkinRetrieval0.3特征数组\pics\batch1\8.jpg
129 240 128 128 160 128 128 128 128 128 128 128 130 160 128 128 144 128 128 128 128 128 128 128 132 192 129 128 176 128 128 128 128 128 128 128 130 160 128 128 144 128 128 128 128 128 128 128 129 144 128 128 144 128 128 128 128 128 128 128 129 144 128 128 144 F:\毕业论文\SkinRetrieval0.3特征数组\pics\batch1\9.jpg
129 240 128 128 144 128 128 128 128 128 128 128 129 144 128 128 144 128 128 128 128 128 128 128 130 144 128 128 160 128 128 128 128 128 128 128 130 144 129 128 160 128 128 128 128 128 128 128 129 144 128 128 144 128 128 128 128 128 128 128 129 128 128 128 144 F:\毕业论文\SkinRetrieval0.3特征数组\pics\batch2\1.jpg
128 240 128 128 128 128 128 128 128 128 128 128 128 128 128 128 128 128 128 128 128 128 128 128 128 144 128 128 144 128 128 128 128 128 128 128 128 144 F:\毕业论文\SkinRetrieval0.3特征数组\pics\batch2\10.jpg
128 240 128 128 128 128 128 128 128 128 128 128 128 144 128 128 128 128 128 128 128 128 128 128 128 128 129 128 F:\毕业论文\SkinRetrieval0.3特征数组\pics\batch2\11.jpg
128 240 128 145 160 128 128 128 128 128 128 128 128 144 128 144 144 128 128 128 128 128 128 128 128 128 129 144 160 128 128 128 128 128 128 128 128 144 129 161 160 128 128 128 128 128 128 128 128 128 128 128 144 128 128 128 128 128 128 128 128 128 128 144 144 F:\毕业论文\SkinRetrieval0.3特征数组\pics\batch2\12.jpg
128 241 145 128 128 128 128 128 128 128 128 128 128 144 129 128 128 128 128 128 128 128 128 128 129 129 146 128 128 128 128 128 128 128 128 128 129 130 130 128 128 128 128 128 128 128 128 128 129 129 129 128 F:\毕业论文\SkinRetrieval0.3特征数组\pics\batch2\13.jpg
128 242 145 128 128 128 128 128 128 128 128 128 129 130 129 128 128 128 128 128 128 128 128 128 129 132 147 144 144 128 128 128 128 128 128 128 129 132 147 144 144 128 128 128 128 128 128 128 128 130 129 128 128 128 128 128 128 128 128 128 128 130 129 128 F:\毕业论文\SkinRetrieval0.3特征数组\pics\batch2\14.jpg
128 240 129 128 144 128 128 128 128 128 128 128 129 145 146 144 144 128 128 128 128 128 128 128 130 146 164 161 176 128 128 128 128 128 128 128 129 145 147 145 176 128 128 128 128 128 128 128 129 129 146 144 160 128 128 128 128 128 128 128 128 129 129 128 144 F:\毕业论文\SkinRetrieval0.3特征数组\pics\batch2\15.jpg
128 240 128 128 128 128 128 128 128 128 128 128 128 128 128 128 128 128 128 128 128 128 128 128 128 144 128 128 144 128 128 128 128 128 128 128 128 128 128 128 144 128 128 128 128 128 128 128 128 128 128 128 128 128 128 128 128 128 128 128 128 128 128 128 144 F:\毕业论文\SkinRetrieval0.3特征数组\pics\batch2\16.jpg
128 240 129 128 160 128 128 128 128 128 128 128 128 144 128 128 144 128 128 128 128 128 128 128 128 160 129 128 176 128 128 128 128 128 128 128 128 144 129 144 176 128 128 128 128 128 128 128 128 128 128 128 144 128 128 128 128 128 128 128 128 128 128 128 144 F:\毕业论文\SkinRetrieval0.3特征数组\pics\batch2\17.jpg
130 240 129 128 176 128 128 128 128 128 128 128 128 144 128 128 144 128 128 128 128 128 128 128 129 160 128 128 144 128 128 128 128 128 128 128 129 176 128 128 160 128 128 128 128 128 128 128 128 144 128 128 128 128 128 128 128 128 128 128 128 144 128 128 144 F:\毕业论文\SkinRetrieval0.3特征数组\pics\batch2\18.jpg
129 240 129 128 128 128 128 128 128 128 128 128 130 145 130 128 128 128 128 128 128 128 128 128 131 145 130 128 144 128 128 128 128 128 128 128 133 145 131 128 128 128 128 128 128 128 128 128 130 129 130 128 128 128 128 128 128 128 128 128 130 128 129 128 F:\毕业论文\SkinRetrieval0.3特征数组\pics\batch2\19.jpg
132 240 129 128 128 128 128 128 128 128 160 129 129 144 128 128 128 128 128 128 128 128 128 128 130 160 128 128 128 128 128 128 128 128 144 128 131 176 129 128 128 128 128 128 128 128 160 128 129 128 128 128 128 128 128 128 128 128 128 128 129 144 F:\毕业论文\SkinRetrieval0.3特征数组\pics\batch2\2.jpg
128 240 128 128 144 128 128 128 128 128 128 128 128 128 128 128 128 128 128 128 128 128 128 128 128 144 128 128 160 128 128 128 128 128 128 128 128 144 128 128 144 128 128 128 128 128 128 128 128 128 128 128 144 F:\毕业论文\SkinRetrieval0.3特征数组\pics\batch2\20.jpg
128 241 128 144 160 128 128 128 128 128 128 128 128 128 128 144 144 128 128 128 128 128 128 128 128 145 129 144 176 128 128 128 128 128 128 128 128 144 129 145 176 128 128 128 128 128 128 128 128 128 128 128 144 128 128 128 128 128 128 128 128 128 128 144 160 F:\毕业论文\SkinRetrieval0.3特征数组\pics\batch2\21.jpg
128 241 129 178 176 128 128 128 128 128 128 128 128 144 128 128 144 128 128 128 128 128 128 128 128 129 129 145 176 128 128 128 128 128 128 128 128 128 129 128 160 128 128 128 128 128 128 128 128 128 129 128 144 128 128 128 128 128 128 128 128 128 128 128 144 F:\毕业论文\SkinRetrieval0.3特征数组\pics\batch2\22.jpg
128 240 128 128 128 128 128 128 128 128 128 128 129 144 128 128 128 128 128 128 128 128 144 128 129 144 128 128 128 128 128 128 128 128 144 128 131 176 128 128 128 128 128 128 128 128 160 129 129 128 128 128 128 128 128 128 128 128 128 128 129 144 128 128 128 128 128 128 128 128 144 F:\毕业论文\SkinRetrieval0.3特征数组\pics\batch2\23.jpg
128 240 128 128 128 128 128 128 128 128 128 128 128 128 129 128 128 128 128 128 128 128 128 128 128 129 146 144 144 128 128 128 128 128 128 128 128 144 129 144 144 128 128 128 128 128 128 128 128 128 129 128 128 128 128 128 128 128 128 128 128 128 129 128 144 F:\毕业论文\SkinRetrieval0.3特征数组\pics\batch2\24.jpg
128 240 128 128 144 128 128 128 128 128 128 128 128 128 128 128 128 128 128 128 128 128 128 128 128 144 129 128 160 128 128 128 128 128 128 128 128 144 129 128 160 128 128 128 128 128 128 128 128 128 128 128 144 128 128 128 128 128 128 128 128 128 128 128 144 F:\毕业论文\SkinRetrieval0.3特征数组\pics\batch2\25.jpg
130 240 128 128 160 129 128 128 128 128 128 128 129 144 128 128 128 128 128 128 128 128 128 128 131 192 128 128 144 129 128 128 128 128 128 128 131 192 128 128 144 129 128 144 128 128 128 128 129 160 128 128 128 128 128 128 128 128 128 128 129 160 F:\毕业论文\SkinRetrieval0.3特征数组\pics\batch2\26.jpg
128 241 129 128 128 128 128 128 128 128 128 128 128 145 129 128 128 128 128 128 128 128 128 128 129 146 130 144 144 128 128 128 128 128 128 128 129 146 147 144 144 128 128 128 128 128 128 128 128 129 129 128 128 128 128 128 128 128 128 128 128 129 129 128 F:\毕业论文\SkinRetrieval0.3特征数组\pics\batch2\27.jpg
128 225 146 145 176 128 128 128 128 128 128 128 128 144 129 128 144 128 128 128 128 128 128 128 129 161 131 145 208 128 128 128 128 128 128 128 129 161 131 145 192 128 128 128 128 128 128 128 128 144 129 144 160 128 128 128 128 128 128 128 128 128 129 128 160 F:\毕业论文\SkinRetrieval0.3特征数组\pics\batch2\28.jpg
128 240 128 144 144 128 128 128 128 128 128 128 128 128 128 144 160 128 128 128 128 128 128 128 128 144 128 145 192 128 128 128 128 128 128 128 128 144 128 161 192 128 128 128 128 128 128 128 128 128 128 128 160 128 128 128 128 128 128 128 128 128 128 144 160 F:\毕业论文\SkinRetrieval0.3特征数组\pics\batch2\29.jpg
129 240 128 128 128 128 128 128 128 144 144 128 130 144 128 128 128 128 128 128 128 144 144 128 132 160 128 128 128 128 128 128 128 160 160 128 132 160 128 128 128 128 128 128 128 160 176 128 130 128 128 128 128 128 128 128 128 144 144 128 130 128 128 128 128 128 128 128 128 144 144 F:\毕业论文\SkinRetrieval0.3特征数组\pics\batch2\3.jpg
128 241 145 128 144 128 128 128 128 128 128 128 128 146 145 128 144 128 128 128 128 128 128 128 128 131 164 145 160 128 128 128 128 128 128 128 128 148 163 128 144 128 128 128 128 128 128 128 128 130 145 128 128 128 128 128 128 128 128 128 128 130 145 128 144 F:\毕业论文\SkinRetrieval0.3特征数组\pics\batch2\30.jpg
128 240 128 128 128 128 128 128 128 128 128 128 128 144 128 145 160 128 128 128 128 128 128 128 128 128 128 161 176 128 128 128 128 128 128 128 128 128 128 162 176 128 128 128 128 128 128 128 128 128 128 144 144 128 128 128 128 128 128 128 128 128 128 145 144 F:\毕业论文\SkinRetrieval0.3特征数组\pics\batch2\31.jpg
128 240 128 128 128 128 128 128 128 128 128 128 129 144 128 128 144 128 128 128 128 128 128 128 129 160 128 128 144 128 128 128 128 128 128 128 129 144 128 128 144 F:\毕业论文\SkinRetrieval0.3特征数组\pics\batch2\32.jpg
128 240 129 128 144 128 128 128 128 128 128 128 128 144 128 128 144 128 128 128 128 128 128 128 129 160 129 128 176 128 128 128 128 128 128 128 129 144 129 128 160 128 128 128 128 128 128 128 128 128 128 128 128 128 128 128 128 128 128 128 128 128 129 128 144 F:\毕业论文\SkinRetrieval0.3特征数组\pics\batch2\33.jpg
129 224 128 128 192 128 128 128 128 128 128 128 129 144 128 128 160 128 128 128 128 128 128 128 130 160 129 128 192 128 128 128 128 128 128 128 130 176 128 144 208 128 128 128 128 128 128 128 129 144 128 128 160 128 128 128 128 128 128 128 129 144 128 128 160 F:\毕业论文\SkinRetrieval0.3特征数组\pics\batch2\34.jpg
128 240 128 145 160 128 128 128 128 128 128 128 128 144 128 128 144 128 128 128 128 128 128 128 128 144 128 145 192 128 128 128 128 128 128 128 128 144 128 128 160 128 128 128 128 128 128 128 128 128 128 128 144 128 128 128 128 128 128 128 128 128 128 128 144 F:\毕业论文\SkinRetrieval0.3特征数组\pics\batch2\35.jpg
128 224 129 161 176 128 128 128 128 128 128 128 128 144 128 145 160 128 128 128 128 128 128 128 128 144 129 145 176 128 128 128 128 128 128 128 128 144 129 161 192 128 128 128 128 128 128 128 128 128 129 144 160 128 128 128 128 128 128 128 128 128 128 144 160 F:\毕业论文\SkinRetrieval0.3特征数组\pics\batch2\36.jpg
128 240 128 128 144 128 128 128 128 128 128 128 128 128 128 128 144 128 128 128 128 128 128 128 128 144 129 144 160 128 128 128 128 128 128 128 128 144 129 144 160 128 128 128 128 128 128 128 128 128 128 128 144 128 128 128 128 128 128 128 128 128 128 128 144 F:\毕业论文\SkinRetrieval0.3特征数组\pics\batch2\37.jpg
128 241 128 160 144 128 128 128 128 128 128 128 129 145 129 144 160 128 128 128 128 128 128 128 130 145 129 144 176 128 128 128 128 128 128 128 130 145 146 177 192 128 128 128 128 128 128 128 129 129 129 144 144 128 128 128 128 128 128 128 129 128 128 128 144 F:\毕业论文\SkinRetrieval0.3特征数组\pics\batch2\38.jpg
129 224 128 128 128 128 128 128 129 128 144 128 129 144 128 128 128 128 128 129 129 144 144 128 133 176 128 128 128 128 128 130 131 160 176 128 132 176 128 128 128 128 128 129 130 144 160 128 130 144 128 128 128 128 128 128 129 144 160 128 130 144 128 128 128 128 128 129 129 144 144 F:\毕业论文\SkinRetrieval0.3特征数组\pics\batch2\39.jpg
130 240 129 128 144 128 128 128 128 128 128 128 129 160 128 128 128 128 128 128 128 128 128 128 130 192 129 128 144 128 128 128 128 128 128 128 130 192 129 128 128 128 128 128 128 128 128 128 129 144 128 128 128 128 128 128 128 128 128 128 129 160 F:\毕业论文\SkinRetrieval0.3特征数组\pics\batch2\4.jpg
129 224 128 128 128 128 128 128 129 144 144 128 129 144 128 128 128 128 128 128 129 128 144 128 131 144 128 128 128 128 128 129 130 161 192 128 131 144 128 128 128 128 128 129 131 161 176 128 130 144 128 128 128 128 128 129 130 144 160 128 129 128 128 128 128 128 128 128 130 128 144 F:\毕业论文\SkinRetrieval0.3特征数组\pics\batch2\40.jpg
131 240 130 128 128 128 128 128 128 128 128 129 129 144 128 128 128 128 128 128 128 128 128 128 131 160 130 128 128 128 128 128 128 128 128 128 131 160 129 128 128 128 128 128 128 128 128 128 129 144 128 128 128 128 128 128 128 128 128 128 130 144 F:\毕业论文\SkinRetrieval0.3特征数组\pics\batch2\41.jpg
129 240 128 128 128 128 128 128 128 128 144 128 129 144 128 128 128 128 128 128 128 144 160 128 132 192 129 128 128 128 128 128 128 160 192 128 130 160 128 128 128 128 128 128 128 144 176 128 129 144 128 128 128 128 128 128 128 128 160 128 129 144 128 128 128 128 128 128 128 128 160 F:\毕业论文\SkinRetrieval0.3特征数组\pics\batch2\42.jpg
128 240 128 128 128 128 128 128 128 128 128 128 130 145 128 161 160 128 128 128 128 128 128 128 131 129 129 177 176 128 128 128 128 128 128 128 130 145 129 160 160 128 128 128 128 128 128 128 130 128 128 144 144 128 128 128 128 128 128 128 129 128 128 144 144 F:\毕业论文\SkinRetrieval0.3特征数组\pics\batch2\43.jpg
128 240 128 128 128 128 128 128 128 128 128 128 129 145 128 161 144 128 128 128 128 128 128 128 129 129 128 177 160 128 128 128 128 128 128 128 129 129 128 193 160 128 128 128 128 128 128 128 129 128 128 160 144 128 128 128 128 128 128 128 129 128 128 160 144 F:\毕业论文\SkinRetrieval0.3特征数组\pics\batch2\44.jpg
133 240 128 128 128 128 128 128 128 128 144 128 130 144 128 128 128 128 128 128 128 128 128 128 131 160 128 128 128 128 128 128 128 128 144 128 132 160 128 128 128 128 128 128 128 128 144 128 129 144 128 128 128 128 128 128 128 128 128 128 129 144 F:\毕业论文\SkinRetrieval0.3特征数组\pics\batch2\45.jpg
131 224 128 128 128 128 128 128 128 160 160 128 129 144 128 128 128 128 128 128 128 128 144 128 131 160 128 128 128 128 128 128 128 144 160 128 133 144 128 128 128 128 128 128 128 176 176 128 130 128 128 128 128 128 128 128 128 144 144 128 129 128 128 128 128 128 128 128 128 128 144 F:\毕业论文\SkinRetrieval0.3特征数组\pics\batch2\46.jpg
130 241 129 128 128 128 128 128 128 128 144 128 130 144 128 128 128 128 128 128 128 144 144 128 132 145 129 128 128 128 128 128 128 144 176 128 131 145 129 128 128 128 128 128 128 144 160 128 129 128 128 128 128 128 128 128 128 128 144 128 130 128 128 128 128 128 128 128 128 144 144 F:\毕业论文\SkinRetrieval0.3特征数组\pics\batch2\5.jpg
128 241 145 144 144 128 128 128 128 128 128 128 129 145 129 128 144 128 128 128 128 128 128 128 128 145 147 144 160 128 128 128 128 128 128 128 128 145 147 144 160 128 128 128 128 128 128 128 128 128 129 128 144 128 128 128 128 128 128 128 128 128 129 128 F:\毕业论文\SkinRetrieval0.3特征数组\pics\batch2\6.jpg
129 240 128 128 128 128 128 128 128 128 144 128 129 144 128 128 128 128 128 128 128 128 128 128 130 144 128 128 128 128 128 128 128 128 144 128 130 144 128 128 128 128 128 128 128 144 144 128 129 128 128 128 128 128 128 128 128 128 144 F:\毕业论文\SkinRetrieval0.3特征数组\pics\batch2\7.jpg
130 240 128 128 128 128 128 128 128 128 144 128 130 144 128 128 128 128 128 128 128 128 128 128 131 144 129 128 128 128 128 128 128 128 144 128 133 144 129 128 144 128 128 128 128 128 144 128 130 128 128 128 128 128 128 128 128 128 144 128 129 128 F:\毕业论文\SkinRetrieval0.3特征数组\pics\batch2\8.jpg
129 240 128 128 128 128 128 128 128 128 144 128 128 144 128 128 128 128 128 128 128 128 128 128 130 176 128 128 128 128 128 128 128 128 144 128 129 160 128 128 128 128 128 128 128 128 128 128 128 128 128 128 128 128 128 128 128 128 128 128 129 144 F:\毕业论文\SkinRetrieval0.3特征数组\pics\batch2\9.jpg
128 240 128 128 128 128 128 128 128 128 128 128 129 128 128 144 128 128 128 128 128 128 128 128 129 145 129 128 144 128 128 128 128 128 128 128 130 145 129 144 144 128 128 128 128 128 128 128 129 128 129 128 144 F:\毕业论文\SkinRetrieval0.3特征数组\pics\batch3\1.jpg
128 240 128 128 144 128 128 128 128 128 128 128 128 128 128 128 128 128 128 128 128 128 128 128 128 128 128 128 160 128 128 128 128 128 128 128 128 128 128 128 144 128 128 128 128 128 128 128 128 128 128 128 144 F:\毕业论文\SkinRetrieval0.3特征数组\pics\batch3\10.jpg
128 240 128 128 144 128 128 128 128 128 128 128 128 128 128 128 128 128 128 128 128 128 128 128 128 128 128 128 144 128 128 128 128 128 128 128 128 128 128 128 160 128 128 128 128 128 128 128 128 128 128 128 144 128 128 128 128 128 128 128 128 128 128 128 144 F:\毕业论文\SkinRetrieval0.3特征数组\pics\batch3\11.jpg
128 240 128 128 160 128 128 128 128 128 128 128 128 128 128 128 128 128 128 128 128 128 128 128 128 144 128 128 144 128 128 128 128 128 128 128 128 144 128 128 144 F:\毕业论文\SkinRetrieval0.3特征数组\pics\batch3\12.jpg
128 240 129 128 144 128 128 128 128 128 128 128 128 144 128 128 128 128 128 128 128 128 128 128 128 144 128 128 144 128 128 128 128 128 128 128 128 144 F:\毕业论文\SkinRetrieval0.3特征数组\pics\batch3\13.jpg
128 240 128 128 144 128 128 128 128 128 128 128 128 144 128 128 144 128 128 128 128 128 128 128 128 144 129 128 160 128 128 128 128 128 128 128 128 144 128 128 144 128 128 128 128 128 128 128 128 128 128 128 144 128 128 128 128 128 128 128 128 128 128 128 144 F:\毕业论文\SkinRetrieval0.3特征数组\pics\batch3\14.jpg
128 240 129 128 128 128 128 128 128 128 128 128 128 128 128 128 128 128 128 128 128 128 128 128 128 128 128 128 144 128 128 128 128 128 128 128 128 128 129 128 144 F:\毕业论文\SkinRetrieval0.3特征数组\pics\batch3\15.jpg
128 240 128 128 144 128 128 128 128 128 128 128 128 128 128 128 128 128 128 128 128 128 128 128 128 128 128 128 128 128 128 128 128 128 128 128 128 144 128 128 144 F:\毕业论文\SkinRetrieval0.3特征数组\pics\batch3\16.jpg
130 240 128 160 176 128 128 128 128 128 128 128 129 144 128 144 160 128 128 128 128 128 128 128 129 144 128 144 176 128 128 128 128 128 128 128 129 144 128 144 160 128 128 128 128 128 128 128 128 128 128 128 144 128 128 128 128 128 128 128 129 128 128 144 144 F:\毕业论文\SkinRetrieval0.3特征数组\pics\batch3\17.jpg
129 240 129 145 208 128 128 128 128 128 128 128 128 128 128 128 144 128 128 128 128 128 128 128 128 144 129 128 144 128 128 128 128 128 128 128 128 144 128 145 176 128 128 128 128 128 128 128 128 128 128 128 144 128 128 128 128 128 128 128 128 128 128 128 144 F:\毕业论文\SkinRetrieval0.3特征数组\pics\batch3\18.jpg
128 240 F:\毕业论文\SkinRetrieval0.3特征数组\pics\batch3\19.jpg
128 240 128 128 144 128 128 128 128 128 128 128 128 128 128 128 128 128 128 128 128 128 128 128 128 144 128 145 176 128 128 128 128 128 128 128 128 128 128 128 144 128 128 128 128 128 128 128 128 128 128 128 144 F:\毕业论文\SkinRetrieval0.3特征数组\pics\batch3\2.jpg
128 240 129 128 144 128 128 128 128 128 128 128 128 144 128 128 144 128 128 128 128 128 128 128 128 144 129 128 144 128 128 128 128 128 128 128 128 144 129 128 160 128 128 128 128 128 128 128 128 128 128 128 144 F:\毕业论文\SkinRetrieval0.3特征数组\pics\batch3\20.jpg
128 240 128 144 160 128 128 128 128 128 128 128 128 128 128 128 144 128 128 128 128 128 128 128 128 144 128 161 208 128 128 128 128 128 128 128 128 128 128 128 160 128 128 128 128 128 128 128 128 128 128 128 144 128 128 128 128 128 128 128 128 128 128 128 144 F:\毕业论文\SkinRetrieval0.3特征数组\pics\batch3\21.jpg
129 240 128 144 176 128 128 128 128 128 128 128 128 144 128 128 144 128 128 128 128 128 128 128 128 144 128 128 144 128 128 128 128 128 128 128 128 144 128 128 160 F:\毕业论文\SkinRetrieval0.3特征数组\pics\batch3\22.jpg
129 241 129 128 144 128 128 128 128 128 128 128 128 128 128 128 128 128 128 128 128 128 128 128 129 129 129 128 144 128 128 128 128 128 128 128 129 145 130 144 160 F:\毕业论文\SkinRetrieval0.3特征数组\pics\batch3\23.jpg
128 240 128 128 128 128 128 128 128 128 128 128 128 144 129 128 128 128 128 128 128 128 128 128 129 144 129 128 144 128 128 128 128 128 128 128 129 144 129 128 144 F:\毕业论文\SkinRetrieval0.3特征数组\pics\batch3\24.jpg
129 240 128 144 144 128 128 128 128 128 128 128 129 144 128 144 144 128 128 128 128 128 128 128 129 128 128 144 160 128 128 128 128 128 128 128 129 144 128 144 160 128 128 128 128 128 128 128 129 128 128 144 144 128 128 128 128 128 128 128 128 128 128 128 144 F:\毕业论文\SkinRetrieval0.3特征数组\pics\batch3\25.jpg
128 240 128 128 128 128 128 128 128 128 128 128 128 128 128 128 128 128 128 128 128 128 128 128 128 128 128 128 144 128 128 128 128 128 128 128 128 128 128 144 144 F:\毕业论文\SkinRetrieval0.3特征数组\pics\batch3\26.jpg
128 240 128 144 144 128 128 128 128 128 128 128 128 128 128 128 144 128 128 128 128 128 128 128 128 128 128 144 160 128 128 128 128 128 128 128 128 128 128 161 176 128 128 128 128 128 128 128 128 128 128 144 128 128 128 128 128 128 128 128 128 128 128 144 144 F:\毕业论文\SkinRetrieval0.3特征数组\pics\batch3\27.jpg
129 242 130 128 128 128 128 128 128 128 128 128 129 145 129 128 128 128 128 128 128 128 128 128 128 129 129 128 128 128 128 128 128 128 128 128 129 147 131 128 144 128 128 128 128 128 128 128 128 128 128 128 128 128 128 128 128 128 128 128 129 129 129 128 F:\毕业论文\SkinRetrieval0.3特征数组\pics\batch3\28.jpg
128 240 128 128 144 128 128 128 128 128 128 128 128 128 128 128 128 128 128 128 128 128 128 128 128 144 128 128 128 128 128 128 128 128 128 128 128 144 F:\毕业论文\SkinRetrieval0.3特征数组\pics\batch3\29.jpg
128 240 128 161 176 128 128 128 128 128 128 128 128 144 128 128 144 128 128 128 128 128 128 128 129 160 128 144 176 128 128 128 128 128 128 128 128 144 128 128 144 128 128 128 128 128 128 128 128 128 128 128 144 128 128 128 128 128 128 128 128 128 128 128 144 F:\毕业论文\SkinRetrieval0.3特征数组\pics\batch3\3.jpg
128 240 128 128 128 128 128 128 128 128 128 128 128 128 128 128 128 128 128 128 128 128 128 128 128 128 128 128 144 128 128 128 128 128 128 128 128 128 128 128 144 F:\毕业论文\SkinRetrieval0.3特征数组\pics\batch3\30.jpg
129 240 128 128 144 128 128 128 128 128 128 128 128 128 128 128 128 128 128 128 128 128 128 128 129 144 128 128 144 128 128 128 128 128 128 128 130 160 128 128 160 128 128 128 128 128 128 128 129 128 128 128 128 128 128 128 128 128 128 128 129 144 128 128 144 F:\毕业论文\SkinRetrieval0.3特征数组\pics\batch3\31.jpg
128 241 146 128 128 128 128 128 128 128 128 128 128 144 129 128 128 128 128 128 128 128 128 128 128 145 147 128 128 128 128 128 128 128 128 128 128 145 147 128 128 128 128 128 128 128 128 128 128 128 129 128 128 128 128 128 128 128 128 128 128 128 129 128 F:\毕业论文\SkinRetrieval0.3特征数组\pics\batch3\32.jpg
128 240 128 128 144 128 128 128 128 128 128 128 128 128 128 128 128 128 128 128 128 128 128 128 128 128 128 144 160 128 128 128 128 128 128 128 128 128 128 144 144 128 128 128 128 128 128 128 128 128 128 128 144 F:\毕业论文\SkinRetrieval0.3特征数组\pics\batch3\33.jpg
129 240 129 128 144 128 128 128 128 128 128 128 128 128 128 128 128 128 128 128 128 128 128 128 128 128 128 161 160 128 128 128 128 128 128 128 129 128 128 161 160 F:\毕业论文\SkinRetrieval0.3特征数组\pics\batch3\34.jpg
129 240 128 144 128 128 128 128 128 128 128 128 128 128 128 128 128 128 128 128 128 128 128 128 129 128 128 144 144 128 128 128 128 128 128 128 129 128 128 144 144 128 128 128 128 128 128 128 128 128 128 128 128 128 128 128 128 128 128 128 129 128 128 144 144 F:\毕业论文\SkinRetrieval0.3特征数组\pics\batch3\35.jpg
130 240 128 144 160 128 128 128 128 128 128 128 129 144 128 144 160 128 128 128 128 128 128 128 130 160 128 144 176 128 128 128 128 128 128 128 130 144 128 144 176 128 128 128 128 128 128 128 129 144 128 128 144 128 128 128 128 128 128 128 129 128 128 128 144 F:\毕业论文\SkinRetrieval0.3特征数组\pics\batch3\36.jpg
128 240 128 161 176 128 128 128 128 128 128 128 128 128 128 128 144 128 128 128 128 128 128 128 128 144 128 128 144 128 128 128 128 128 128 128 128 144 128 128 144 F:\毕业论文\SkinRetrieval0.3特征数组\pics\batch3\37.jpg
128 241 129 128 128 128 128 128 128 128 128 128 128 128 128 128 128 128 128 128 128 128 128 128 129 145 130 128 144 128 128 128 128 128 128 128 129 129 130 128 128 128 128 128 128 128 128 128 128 129 129 128 F:\毕业论文\SkinRetrieval0.3特征数组\pics\batch3\38.jpg
129 240 128 176 160 128 128 128 128 128 128 128 128 128 128 128 128 128 128 128 128 128 128 128 130 144 128 144 160 128 128 128 128 128 128 128 128 144 128 144 144 F:\毕业论文\SkinRetrieval0.3特征数组\pics\batch3\39.jpg
128 240 128 128 128 128 128 128 128 128 128 128 128 128 128 128 128 128 128 128 128 128 128 128 128 128 128 128 128 128 128 128 128 128 128 128 128 128 129 128 F:\毕业论文\SkinRetrieval0.3特征数组\pics\batch3\4.jpg
128 240 F:\毕业论文\SkinRetrieval0.3特征数组\pics\batch3\40.jpg
128 240 128 128 128 128 128 128 128 128 128 128 128 128 128 128 128 128 128 128 128 128 128 128 128 128 128 128 128 128 128 128 128 128 128 128 128 144 F:\毕业论文\SkinRetrieval0.3特征数组\pics\batch3\41.jpg
129 241 145 144 144 128 128 128 128 128 128 128 129 145 129 144 144 128 128 128 128 128 128 128 128 145 129 144 176 128 128 128 128 128 128 128 129 162 146 144 176 128 128 128 128 128 128 128 128 129 129 144 144 128 128 128 128 128 128 128 128 129 129 128 144 F:\毕业论文\SkinRetrieval0.3特征数组\pics\batch3\42.jpg
128 240 128 128 128 128 128 128 128 128 128 128 128 128 128 128 128 128 128 128 128 128 128 128 128 128 128 145 160 128 128 128 128 128 128 128 129 128 128 145 160 128 128 128 128 128 128 128 128 128 128 144 144 128 128 128 128 128 128 128 128 128 128 144 F:\毕业论文\SkinRetrieval0.3特征数组\pics\batch3\5.jpg
129 240 128 128 144 128 128 128 128 128 128 128 129 144 128 128 160 128 128 128 128 128 128 128 129 144 128 128 160 128 128 128 128 128 128 128 130 160 128 144 192 128 128 128 128 128 128 128 129 128 128 128 144 128 128 128 128 128 128 128 128 128 128 128 144 F:\毕业论文\SkinRetrieval0.3特征数组\pics\batch3\6.jpg
132 240 128 160 161 128 128 128 128 128 128 128 129 144 128 128 128 128 128 128 128 128 128 128 130 160 129 144 144 128 128 128 128 128 128 128 130 144 128 128 144 128 128 128 128 128 128 128 129 128 F:\毕业论文\SkinRetrieval0.3特征数组\pics\batch3\7.jpg
128 240 128 128 128 128 128 128 128 128 128 128 128 128 128 128 128 128 128 128 128 128 128 128 129 128 129 144 144 128 128 128 128 128 128 128 128 128 128 128 144 128 128 128 128 128 128 128 128 128 128 128 144 F:\毕业论文\SkinRetrieval0.3特征数组\pics\batch3\8.jpg
128 240 128 128 128 128 128 128 128 128 128 128 128 128 128 128 128 128 128 128 128 128 128 128 129 144 128 128 144 128 128 128 128 128 128 128 129 144 128 128 144 F:\毕业论文\SkinRetrieval0.3特征数组\pics\batch3\9.jpg
129 240 128 128 128 128 128 128 128 128 128 128 130 144 128 144 144 128 128 128 128 128 128 128 133 128 128 160 176 128 128 128 128 128 128 128 131 144 128 160 160 128 128 128 128 128 128 128 130 128 128 144 144 128 128 128 128 128 128 128 130 128 128 144 144 F:\毕业论文\SkinRetrieval0.3特征数组\pics\batch4\1.jpg
128 240 128 145 176 128 128 128 128 128 128 128 128 144 128 128 144 128 128 128 128 128 128 128 128 144 128 128 160 128 128 128 128 128 128 128 128 144 128 128 160 128 128 128 128 128 128 128 128 128 128 128 144 F:\毕业论文\SkinRetrieval0.3特征数组\pics\batch4\10.jpg
130 240 128 128 128 128 128 128 128 128 144 128 130 144 128 128 128 128 128 128 128 128 144 128 131 144 128 128 128 128 128 128 128 128 144 128 132 144 128 128 128 128 128 128 128 128 144 128 130 128 128 128 128 128 128 128 128 128 144 128 129 128 F:\毕业论文\SkinRetrieval0.3特征数组\pics\batch4\11.jpg
130 240 128 128 128 128 128 128 128 144 144 128 129 144 128 128 128 128 128 128 128 128 128 128 131 144 128 128 128 128 128 128 128 128 128 128 131 144 128 128 128 128 128 128 128 128 128 128 129 128 128 128 128 128 128 128 128 128 128 128 129 128 F:\毕业论文\SkinRetrieval0.3特征数组\pics\batch4\12.jpg
131 240 128 128 128 128 128 128 128 128 128 128 130 128 128 128 128 128 128 128 128 128 144 128 132 144 129 128 128 128 128 128 128 128 144 128 132 144 129 128 128 128 128 128 128 128 144 128 130 128 128 128 128 128 128 128 128 128 128 128 130 128 F:\毕业论文\SkinRetrieval0.3特征数组\pics\batch4\13.jpg
145 240 128 128 128 128 128 128 128 128 128 128 147 144 128 128 128 128 128 129 128 128 128 128 149 128 128 128 128 128 128 129 128 128 128 128 149 128 128 128 128 128 128 129 128 144 128 128 130 128 128 128 128 128 128 128 128 128 128 128 147 128 F:\毕业论文\SkinRetrieval0.3特征数组\pics\batch4\14.jpg
129 240 128 128 144 128 128 128 128 128 128 128 130 144 128 144 160 129 128 128 128 128 128 128 130 144 128 144 161 130 128 128 128 128 128 128 130 144 128 144 177 129 128 128 128 128 128 128 129 128 128 128 144 129 128 128 128 128 128 128 129 128 128 144 144 F:\毕业论文\SkinRetrieval0.3特征数组\pics\batch4\15.jpg
131 240 128 128 128 128 128 128 129 128 160 128 129 144 128 128 128 128 128 128 128 128 144 128 131 192 128 128 128 128 128 128 129 128 176 128 131 192 128 128 128 128 128 128 129 128 160 128 129 144 128 128 128 128 128 128 128 128 144 128 129 144 128 128 128 128 128 128 128 128 144 F:\毕业论文\SkinRetrieval0.3特征数组\pics\batch4\16.jpg
130 240 128 128 128 128 128 128 128 128 144 128 130 145 129 128 128 128 128 128 128 128 144 128 131 161 130 128 128 128 128 128 128 128 144 128 132 162 130 144 144 128 128 128 128 128 144 128 130 144 129 128 128 128 128 128 128 128 128 128 130 144 128 128 144 128 128 128 128 128 144 F:\毕业论文\SkinRetrieval0.3特征数组\pics\batch4\17.jpg
128 240 F:\毕业论文\SkinRetrieval0.3特征数组\pics\batch4\18.jpg
129 240 129 128 160 128 128 128 128 128 128 128 128 144 128 128 144 128 128 128 128 128 128 128 129 144 129 128 144 128 128 128 128 128 128 128 129 160 129 128 160 128 128 128 128 128 128 128 128 128 128 128 128 128 128 128 128 128 128 128 128 144 F:\毕业论文\SkinRetrieval0.3特征数组\pics\batch4\19.jpg
129 240 128 128 144 128 128 128 128 128 128 128 129 160 129 128 144 128 128 128 128 128 128 128 128 160 129 128 160 128 128 128 128 128 128 128 129 176 129 128 176 128 128 128 128 128 128 128 128 144 128 128 144 128 128 128 128 128 128 128 128 144 128 128 144 F:\毕业论文\SkinRetrieval0.3特征数组\pics\batch4\2.jpg
128 240 128 128 144 128 128 128 128 128 128 128 128 128 128 128 128 128 128 128 128 128 128 128 128 128 128 128 144 128 128 128 128 128 128 128 128 128 128 128 144 F:\毕业论文\SkinRetrieval0.3特征数组\pics\batch4\20.jpg
129 240 128 128 144 128 128 128 128 128 128 128 130 144 128 128 144 128 128 128 128 128 128 128 132 144 129 144 176 128 128 128 128 128 128 128 131 144 129 144 144 128 128 128 128 128 128 128 129 128 128 128 144 128 128 128 128 128 128 128 130 128 128 128 144 F:\毕业论文\SkinRetrieval0.3特征数组\pics\batch4\21.jpg
132 240 128 128 128 128 128 128 128 144 144 128 130 144 128 128 128 128 128 128 128 128 128 128 132 144 128 128 128 128 128 128 128 144 128 128 132 144 128 128 128 128 128 128 128 144 128 128 130 128 128 128 128 128 128 128 128 128 128 128 130 128 F:\毕业论文\SkinRetrieval0.3特征数组\pics\batch4\22.jpg
130 240 128 144 160 128 128 128 128 128 128 128 129 144 128 128 128 128 128 128 128 128 128 128 130 144 128 128 144 128 128 128 128 128 128 128 129 128 128 128 128 128 128 128 128 128 128 128 129 128 128 128 128 128 128 128 128 128 128 128 129 128 F:\毕业论文\SkinRetrieval0.3特征数组\pics\batch4\23.jpg
130 240 128 128 144 129 128 128 128 128 128 128 130 144 128 128 128 129 128 128 128 128 128 128 131 144 128 128 144 129 128 128 128 128 128 128 131 160 128 128 144 130 128 128 128 128 128 128 129 128 128 128 128 128 128 128 128 128 128 128 129 128 F:\毕业论文\SkinRetrieval0.3特征数组\pics\batch4\24.jpg
129 224 128 128 128 128 128 128 128 128 144 128 131 160 128 128 128 128 128 128 128 128 160 128 134 176 128 144 144 128 128 128 128 144 192 128 132 160 128 128 128 128 128 128 128 128 176 128 130 144 128 128 128 128 128 128 128 128 144 128 130 144 128 128 128 128 128 128 128 128 144 F:\毕业论文\SkinRetrieval0.3特征数组\pics\batch4\25.jpg
130 240 128 128 128 128 128 128 128 128 144 128 130 144 128 128 128 128 128 128 128 128 144 128 133 160 128 128 128 128 128 128 128 128 160 128 133 144 128 128 128 128 128 128 128 128 144 128 131 128 128 128 128 128 128 128 128 128 144 128 130 128 128 128 128 128 128 128 128 128 144 F:\毕业论文\SkinRetrieval0.3特征数组\pics\batch4\26.jpg
130 240 128 128 128 128 128 128 128 128 144 128 130 128 128 128 128 128 128 128 128 128 144 128 134 144 128 128 128 128 128 128 128 144 160 128 132 128 128 128 128 128 128 128 128 144 160 128 130 128 128 128 128 128 128 128 128 128 144 128 130 128 128 128 128 128 128 128 128 128 144 F:\毕业论文\SkinRetrieval0.3特征数组\pics\batch4\27.jpg
130 240 128 128 128 128 128 128 129 128 128 128 130 144 128 128 128 128 128 128 129 128 128 128 132 160 128 128 128 128 128 128 130 128 144 128 132 176 128 128 128 128 128 128 130 128 144 128 130 144 128 128 128 128 128 128 129 128 128 128 130 144 128 128 128 128 128 128 129 128 F:\毕业论文\SkinRetrieval0.3特征数组\pics\batch4\28.jpg
131 240 128 128 128 128 128 128 128 128 128 128 130 144 128 128 128 128 128 128 128 128 128 128 131 144 128 128 128 128 128 128 128 128 128 128 132 160 128 128 128 128 128 128 128 128 128 128 130 128 128 128 128 128 128 128 128 128 128 128 130 144 F:\毕业论文\SkinRetrieval0.3特征数组\pics\batch4\29.jpg
132 224 129 128 160 128 128 128 128 128 128 128 130 144 128 128 144 128 128 128 128 128 128 128 132 176 129 128 160 128 128 128 128 128 128 128 133 176 129 128 160 128 128 128 128 128 128 128 131 144 128 128 144 128 128 128 128 128 128 128 129 144 F:\毕业论文\SkinRetrieval0.3特征数组\pics\batch4\3.jpg
131 240 128 128 128 128 128 128 128 128 160 128 129 160 128 128 128 128 128 128 128 128 144 128 131 176 129 128 128 128 128 128 128 128 160 128 130 192 128 128 128 128 128 128 128 128 160 128 129 144 128 128 128 128 128 128 128 128 144 128 129 144 128 128 128 128 128 128 128 128 144 F:\毕业论文\SkinRetrieval0.3特征数组\pics\batch4\30.jpg
132 240 129 128 128 128 128 128 128 128 128 128 129 144 128 128 128 128 128 128 128 128 128 128 134 176 130 128 128 128 128 128 128 128 128 128 131 160 129 128 128 128 128 128 128 128 128 128 130 144 128 128 128 128 128 128 128 128 128 128 129 144 F:\毕业论文\SkinRetrieval0.3特征数组\pics\batch4\31.jpg
129 240 128 128 128 128 128 128 128 128 128 128 130 144 129 144 144 128 128 128 128 128 128 128 132 129 129 144 144 128 128 128 128 128 128 128 133 145 129 160 160 128 128 128 128 128 128 128 130 128 128 144 144 128 128 128 128 128 128 128 130 128 129 144 144 F:\毕业论文\SkinRetrieval0.3特征数组\pics\batch4\32.jpg
129 240 128 128 128 128 128 128 128 128 144 128 130 160 128 128 128 128 128 128 128 128 160 128 131 160 128 128 128 128 128 128 128 128 160 128 131 176 128 128 128 128 128 128 128 128 176 128 130 144 128 128 128 128 128 128 128 128 144 128 130 144 128 128 128 128 128 128 128 128 144 F:\毕业论文\SkinRetrieval0.3特征数组\pics\batch4\33.jpg
131 224 129 128 128 128 128 128 128 144 144 128 130 144 128 128 128 128 128 128 128 144 144 128 134 144 129 128 128 128 128 128 128 192 176 128 131 144 128 128 128 128 128 128 128 144 128 128 129 128 128 128 128 128 128 128 128 144 128 128 130 128 128 128 128 128 128 128 128 144 144 F:\毕业论文\SkinRetrieval0.3特征数组\pics\batch4\34.jpg
129 224 128 128 128 128 128 128 128 128 144 128 130 160 128 128 128 128 128 128 128 128 160 128 132 192 128 128 128 128 128 128 128 128 208 128 132 192 128 128 128 128 128 128 128 128 176 128 130 160 128 128 128 128 128 128 128 128 160 128 130 144 128 128 128 128 128 128 128 128 160 F:\毕业论文\SkinRetrieval0.3特征数组\pics\batch4\35.jpg
130 240 128 128 128 129 128 128 128 128 128 128 131 160 128 128 128 128 128 128 128 128 128 128 133 192 128 128 144 129 128 144 128 128 128 128 132 160 128 128 144 129 128 128 128 128 128 128 130 144 128 128 128 128 128 128 128 128 128 128 130 144 128 128 144 F:\毕业论文\SkinRetrieval0.3特征数组\pics\batch4\36.jpg
130 240 128 128 128 128 128 128 128 128 144 128 129 144 128 128 128 128 128 128 128 128 128 128 130 160 128 128 128 128 128 128 128 128 144 128 130 176 128 128 144 128 128 128 128 128 128 128 129 144 128 128 128 128 128 128 128 128 128 128 129 144 F:\毕业论文\SkinRetrieval0.3特征数组\pics\batch4\37.jpg
131 240 129 128 144 128 128 128 128 128 128 128 129 144 128 128 128 128 128 128 128 128 128 128 131 160 129 144 160 128 128 128 128 128 128 128 130 144 129 144 160 128 128 128 128 128 128 128 129 128 128 128 144 128 128 128 128 128 128 128 129 128 128 128 144 F:\毕业论文\SkinRetrieval0.3特征数组\pics\batch4\38.jpg
129 240 128 128 128 128 128 128 128 128 128 128 131 144 128 128 128 128 128 129 128 128 128 128 133 144 128 128 128 128 128 129 129 128 128 128 135 160 128 128 128 128 128 129 129 144 144 128 131 128 128 128 128 128 128 128 128 128 128 128 132 128 F:\毕业论文\SkinRetrieval0.3特征数组\pics\batch4\39.jpg
128 240 128 144 128 128 128 128 128 128 128 128 145 145 129 144 128 128 128 128 128 128 128 128 147 146 130 176 144 128 128 128 128 128 128 128 146 146 130 176 144 128 128 128 128 128 128 128 129 129 129 144 128 128 128 128 128 128 128 128 145 129 128 160 F:\毕业论文\SkinRetrieval0.3特征数组\pics\batch4\4.jpg
130 240 128 128 128 128 128 128 128 128 128 128 131 144 128 128 128 128 128 128 128 128 128 128 134 144 128 128 144 128 128 128 128 128 128 128 133 144 128 128 128 128 128 128 128 128 128 128 131 128 128 128 128 128 128 128 128 128 128 128 131 128 F:\毕业论文\SkinRetrieval0.3特征数组\pics\batch4\40.jpg
129 240 128 128 128 128 128 128 128 128 144 128 130 144 128 128 128 128 128 128 129 128 144 128 132 144 128 128 128 128 128 128 129 128 144 128 133 160 128 128 128 128 128 128 129 128 144 128 131 144 128 128 128 128 128 128 128 128 128 128 130 128 F:\毕业论文\SkinRetrieval0.3特征数组\pics\batch4\41.jpg
130 240 129 144 160 128 128 128 128 128 128 128 130 144 128 128 144 128 128 128 128 128 128 128 131 144 129 128 160 128 128 128 128 128 128 128 133 144 129 128 160 128 128 128 128 128 128 128 129 128 128 128 144 128 128 128 128 128 128 128 130 128 128 128 144 F:\毕业论文\SkinRetrieval0.3特征数组\pics\batch4\42.jpg
128 240 128 144 144 128 128 128 128 128 128 128 129 128 128 160 160 128 128 128 128 128 128 128 129 128 128 160 176 128 128 128 128 128 128 128 129 128 128 161 176 128 128 128 128 128 128 128 129 128 128 144 160 128 128 128 128 128 128 128 128 128 128 144 160 F:\毕业论文\SkinRetrieval0.3特征数组\pics\batch4\43.jpg
131 240 128 128 144 128 128 128 128 128 128 128 131 144 128 128 128 128 128 144 128 128 128 128 133 160 128 128 160 129 128 144 128 128 128 128 132 160 128 128 144 128 128 144 128 128 128 128 130 144 128 128 128 128 128 128 128 128 128 128 130 128 128 128 144 F:\毕业论文\SkinRetrieval0.3特征数组\pics\batch4\44.jpg
131 240 128 160 160 128 128 128 128 128 128 128 129 144 128 128 144 128 128 128 128 128 128 128 131 144 128 144 176 128 128 128 128 128 128 128 132 144 128 144 176 128 128 128 128 128 128 128 130 128 128 128 144 128 128 128 128 128 128 128 130 128 128 128 144 F:\毕业论文\SkinRetrieval0.3特征数组\pics\batch4\45.jpg
130 240 128 144 144 128 128 128 128 128 128 128 129 144 128 128 128 128 128 128 128 128 128 128 130 144 128 128 144 128 128 128 128 128 128 128 130 144 128 128 144 128 128 128 128 128 128 128 129 128 128 128 128 128 128 128 128 128 128 128 129 128 F:\毕业论文\SkinRetrieval0.3特征数组\pics\batch4\46.jpg
128 240 F:\毕业论文\SkinRetrieval0.3特征数组\pics\batch4\47.jpg
130 241 129 144 144 128 128 128 128 128 128 128 130 144 129 128 144 128 128 128 128 128 128 128 133 145 129 144 144 128 128 128 128 128 128 128 131 144 129 128 144 128 128 128 128 128 128 128 130 128 128 128 128 128 128 128 128 128 128 128 130 128 F:\毕业论文\SkinRetrieval0.3特征数组\pics\batch4\48.jpg
129 224 128 128 128 128 128 128 128 128 144 128 131 144 128 128 128 128 128 128 128 144 160 128 132 176 128 128 128 128 128 128 128 144 192 128 133 176 128 128 128 128 128 128 128 144 192 128 130 144 128 128 128 128 128 128 128 144 160 128 131 144 128 128 128 128 128 128 128 144 160 F:\毕业论文\SkinRetrieval0.3特征数组\pics\batch4\49.jpg
130 240 128 144 160 128 128 128 128 128 128 128 129 144 128 128 144 128 128 128 128 128 128 128 130 144 128 144 160 128 128 128 128 128 128 128 131 144 128 144 176 128 128 128 128 128 128 128 130 128 128 144 160 128 128 128 128 128 128 128 129 128 128 128 144 F:\毕业论文\SkinRetrieval0.3特征数组\pics\batch4\5.jpg
131 225 130 144 160 128 128 128 128 128 128 128 129 144 129 128 144 128 128 128 128 128 128 128 131 160 130 128 144 128 128 128 128 128 128 128 131 160 129 128 144 128 128 128 128 128 128 128 130 128 129 128 144 128 128 128 128 128 128 128 129 128 129 128 144 F:\毕业论文\SkinRetrieval0.3特征数组\pics\batch4\50.jpg
130 240 128 128 128 128 128 129 130 128 160 128 129 144 128 128 128 128 128 128 128 128 128 128 130 160 128 128 128 128 128 128 129 128 144 128 130 160 128 128 128 128 128 128 129 128 144 128 129 128 128 128 128 128 128 128 128 128 128 128 129 128 128 128 128 128 128 128 129 128 F:\毕业论文\SkinRetrieval0.3特征数组\pics\batch4\51.jpg
128 240 128 145 160 128 128 128 128 128 128 128 128 128 128 144 160 128 128 128 128 128 128 128 128 144 128 161 192 128 128 128 128 128 128 128 128 128 128 128 160 128 128 128 128 128 128 128 128 128 128 128 144 128 128 128 128 128 128 128 128 128 128 128 160 F:\毕业论文\SkinRetrieval0.3特征数组\pics\batch4\52.jpg
129 240 128 160 144 128 128 128 128 128 128 128 129 144 128 144 144 128 128 128 128 128 128 128 130 144 129 144 160 128 128 128 128 128 128 128 130 144 129 160 176 128 128 128 128 128 128 128 129 128 128 128 144 128 128 128 128 128 128 128 128 128 128 144 144 F:\毕业论文\SkinRetrieval0.3特征数组\pics\batch4\53.jpg
129 240 128 128 176 128 128 128 128 128 128 128 128 144 128 128 144 128 128 128 128 128 128 128 129 160 129 128 192 128 128 128 128 128 128 128 129 176 129 128 176 128 128 128 128 128 128 128 128 144 128 128 160 128 128 128 128 128 128 128 128 128 128 128 144 F:\毕业论文\SkinRetrieval0.3特征数组\pics\batch4\54.jpg
128 240 128 178 176 128 128 128 128 128 128 128 128 128 128 128 144 128 128 128 128 128 128 128 128 128 128 161 176 128 128 128 128 128 128 128 128 128 128 161 176 128 128 128 128 128 128 128 128 128 128 144 144 128 128 128 128 128 128 128 128 128 128 144 144 F:\毕业论文\SkinRetrieval0.3特征数组\pics\batch4\55.jpg
128 240 128 128 160 128 128 128 128 128 128 128 128 144 128 144 160 128 128 128 128 128 128 128 129 160 128 145 192 128 128 128 128 128 128 128 129 160 128 145 192 129 128 128 128 128 128 128 128 144 128 144 160 128 128 128 128 128 128 128 128 144 128 128 160 F:\毕业论文\SkinRetrieval0.3特征数组\pics\batch4\56.jpg
129 240 128 144 144 128 128 128 128 128 128 128 128 128 128 128 128 128 128 128 128 128 128 128 129 145 129 160 176 128 128 128 128 128 128 128 129 128 128 160 176 128 128 128 128 128 128 128 128 128 128 144 144 128 128 128 128 128 128 128 128 128 128 144 144 F:\毕业论文\SkinRetrieval0.3特征数组\pics\batch4\57.jpg
128 240 F:\毕业论文\SkinRetrieval0.3特征数组\pics\batch4\58.jpg
128 240 128 178 192 128 128 128 128 128 128 128 128 144 128 128 144 128 128 128 128 128 128 128 128 144 128 145 160 128 128 128 128 128 128 128 128 144 128 161 176 128 128 128 128 128 128 128 128 128 128 128 128 128 128 128 128 128 128 128 128 128 128 128 144 F:\毕业论文\SkinRetrieval0.3特征数组\pics\batch4\59.jpg
131 240 128 128 160 129 128 128 128 128 128 128 129 144 128 128 144 128 128 128 128 128 128 128 131 160 128 128 160 128 128 128 128 128 128 128 132 160 128 128 160 128 128 128 128 128 128 128 130 128 128 128 144 128 128 128 128 128 128 128 129 128 128 128 144 F:\毕业论文\SkinRetrieval0.3特征数组\pics\batch4\6.jpg
128 240 128 128 144 128 128 128 128 128 128 128 129 128 128 128 144 128 128 128 128 128 128 128 129 128 128 145 176 128 128 128 128 128 128 128 129 144 128 145 160 128 128 128 128 128 128 128 128 128 128 128 144 128 128 128 128 128 128 128 128 128 128 128 144 F:\毕业论文\SkinRetrieval0.3特征数组\pics\batch4\60.jpg
128 240 128 128 128 128 128 128 128 128 128 128 129 176 128 128 160 129 128 128 128 128 128 128 129 192 128 128 192 129 128 128 128 128 128 128 130 192 128 128 176 129 128 128 128 128 128 128 129 160 128 128 144 128 128 128 128 128 128 128 129 160 128 128 160 F:\毕业论文\SkinRetrieval0.3特征数组\pics\batch4\61.jpg
130 240 128 128 144 128 128 128 128 128 128 128 130 144 128 128 144 128 128 128 128 128 128 128 133 192 129 128 160 128 128 128 128 128 128 128 133 160 128 128 160 128 128 128 128 128 128 128 130 144 128 128 128 128 128 128 128 128 128 128 130 144 128 128 144 F:\毕业论文\SkinRetrieval0.3特征数组\pics\batch4\62.jpg
129 240 128 128 128 128 128 128 128 128 128 128 129 144 128 128 128 128 128 128 128 128 128 128 129 160 128 128 144 128 128 128 128 128 128 128 129 160 F:\毕业论文\SkinRetrieval0.3特征数组\pics\batch4\63.jpg
128 240 129 161 160 128 128 128 128 128 128 128 128 144 128 144 144 128 128 128 128 128 128 128 128 144 129 128 144 128 128 128 128 128 128 128 128 129 129 144 144 F:\毕业论文\SkinRetrieval0.3特征数组\pics\batch4\64.jpg
128 240 128 128 144 128 128 128 128 128 128 128 128 144 128 144 160 128 128 128 128 128 128 128 128 144 128 144 176 128 128 128 128 128 128 128 128 128 128 145 192 128 128 128 128 128 128 128 128 128 128 128 144 128 128 128 128 128 128 128 128 128 128 128 160 F:\毕业论文\SkinRetrieval0.3特征数组\pics\batch4\65.jpg
128 240 128 161 176 128 128 128 128 128 128 128 128 144 128 144 160 128 128 128 128 128 128 128 129 144 128 144 192 128 128 128 128 128 128 128 129 160 128 161 208 128 128 128 128 128 128 128 128 128 128 144 160 128 128 128 128 128 128 128 128 128 128 144 160 F:\毕业论文\SkinRetrieval0.3特征数组\pics\batch4\66.jpg
146 240 128 144 128 128 128 128 128 128 128 128 129 128 128 144 128 128 128 128 128 128 128 128 132 128 128 144 128 128 128 128 128 128 128 128 149 144 128 160 144 128 128 128 128 128 128 128 130 128 128 144 128 128 128 128 128 128 128 128 130 128 F:\毕业论文\SkinRetrieval0.3特征数组\pics\batch4\67.jpg
128 240 128 128 144 128 128 128 128 128 128 128 130 144 129 144 160 128 128 128 128 128 128 128 132 160 129 144 192 128 128 128 128 128 128 128 132 160 129 160 208 128 128 128 128 128 128 128 130 144 128 144 160 128 128 128 128 128 128 128 129 128 128 144 160 F:\毕业论文\SkinRetrieval0.3特征数组\pics\batch4\68.jpg
128 240 129 161 192 128 128 128 128 128 128 128 128 128 128 128 144 128 128 128 128 128 128 128 128 128 128 128 160 128 128 128 128 128 128 128 128 144 128 128 144 F:\毕业论文\SkinRetrieval0.3特征数组\pics\batch4\69.jpg
130 240 128 128 128 128 128 128 128 128 144 128 129 144 128 128 128 128 128 128 128 128 128 128 133 144 128 128 128 128 128 128 128 144 144 128 131 144 128 128 128 128 128 128 128 128 144 128 130 128 128 128 128 128 128 128 128 128 128 128 129 128 F:\毕业论文\SkinRetrieval0.3特征数组\pics\batch4\7.jpg
128 224 128 128 176 128 128 128 128 128 128 128 128 144 128 145 176 128 128 128 128 128 128 128 128 144 128 145 224 128 128 128 128 128 128 128 128 160 128 145 224 128 128 128 128 128 128 128 128 128 128 144 176 128 128 128 128 128 128 128 128 128 128 128 192 F:\毕业论文\SkinRetrieval0.3特征数组\pics\batch4\70.jpg
130 240 129 128 144 128 128 128 128 128 128 128 129 144 128 128 128 128 128 128 128 128 128 128 132 144 128 128 160 128 128 128 128 128 128 128 133 176 129 128 160 128 128 128 128 128 128 128 130 144 128 128 144 128 128 128 128 128 128 128 130 144 128 128 144 F:\毕业论文\SkinRetrieval0.3特征数组\pics\batch4\71.jpg
130 241 129 144 144 128 128 128 128 128 128 128 129 144 128 128 128 128 128 128 128 128 128 128 132 145 129 144 144 128 128 128 128 128 128 128 133 146 130 144 144 128 128 128 128 128 128 128 130 128 128 128 128 128 128 128 128 128 128 128 130 128 F:\毕业论文\SkinRetrieval0.3特征数组\pics\batch4\72.jpg
128 240 128 128 144 128 128 128 128 128 128 128 130 144 128 144 160 128 128 128 128 128 128 128 131 160 128 144 192 129 128 128 128 128 128 128 131 160 128 144 192 129 128 128 128 128 128 128 129 128 128 144 160 128 128 128 128 128 128 128 129 128 128 128 160 F:\毕业论文\SkinRetrieval0.3特征数组\pics\batch4\73.jpg
128 240 128 178 176 128 128 128 128 128 128 128 128 144 128 144 144 128 128 128 128 128 128 128 128 128 128 145 176 128 128 128 128 128 128 128 128 144 128 161 176 128 128 128 128 128 128 128 128 128 128 144 144 128 128 128 128 128 128 128 128 128 128 144 144 F:\毕业论文\SkinRetrieval0.3特征数组\pics\batch4\74.jpg
128 240 130 128 208 128 128 128 128 128 128 128 128 144 128 128 128 128 128 128 128 128 128 128 128 160 128 128 160 128 128 128 128 128 128 128 128 160 129 128 144 F:\毕业论文\SkinRetrieval0.3特征数组\pics\batch4\75.jpg
129 240 129 128 144 128 128 128 128 128 128 128 130 144 129 128 160 128 128 128 128 128 128 128 131 160 130 128 176 128 128 128 128 128 128 128 132 160 130 145 208 128 128 128 128 128 128 128 130 144 129 128 160 128 128 128 128 128 128 128 130 128 129 128 160 F:\毕业论文\SkinRetrieval0.3特征数组\pics\batch4\76.jpg
128 240 128 128 144 128 128 128 128 128 128 128 130 144 128 128 144 128 128 128 128 128 128 128 132 176 128 128 176 129 128 128 128 128 128 128 130 160 128 128 160 128 128 128 128 128 128 128 129 144 128 128 144 128 128 128 128 128 128 128 129 144 128 128 144 F:\毕业论文\SkinRetrieval0.3特征数组\pics\batch4\77.jpg
128 240 129 162 176 128 128 128 128 128 128 128 128 128 128 144 144 128 128 128 128 128 128 128 128 144 129 162 176 128 128 128 128 128 128 128 128 144 129 162 192 128 128 128 128 128 128 128 128 128 128 145 144 128 128 128 128 128 128 128 128 128 128 145 144 F:\毕业论文\SkinRetrieval0.3特征数组\pics\batch4\78.jpg
131 224 128 160 176 128 128 128 128 128 128 128 129 144 128 144 144 128 128 128 128 128 128 128 132 144 128 160 192 128 128 128 128 128 128 128 132 144 128 160 176 128 128 128 128 128 128 128 130 128 128 144 160 128 128 128 128 128 128 128 129 128 128 128 144 F:\毕业论文\SkinRetrieval0.3特征数组\pics\batch4\79.jpg
128 240 128 161 176 128 128 128 128 128 128 128 128 128 128 128 144 128 128 128 128 128 128 128 129 144 128 144 176 128 128 128 128 128 128 128 128 144 128 128 160 128 128 128 128 128 128 128 128 128 128 128 144 128 128 128 128 128 128 128 128 128 128 128 144 F:\毕业论文\SkinRetrieval0.3特征数组\pics\batch4\8.jpg
129 240 129 128 144 128 128 128 128 128 128 128 128 144 128 144 144 128 128 128 128 128 128 128 129 144 128 144 160 128 128 128 128 128 128 128 129 144 128 145 176 128 128 128 128 128 128 128 129 144 128 144 144 128 128 128 128 128 128 128 128 128 128 144 144 F:\毕业论文\SkinRetrieval0.3特征数组\pics\batch4\80.jpg
129 240 128 128 128 128 128 128 128 128 128 128 130 144 128 128 128 128 128 128 128 128 128 128 132 160 128 128 144 128 128 128 129 128 128 128 132 144 128 128 128 128 128 128 129 128 128 128 130 144 128 128 128 128 128 128 128 128 128 128 130 128 F:\毕业论文\SkinRetrieval0.3特征数组\pics\batch4\81.jpg
130 240 129 128 128 128 128 128 128 128 128 128 128 128 128 128 128 128 128 128 128 128 128 128 129 144 128 128 128 128 128 128 128 128 128 128 129 144 129 128 F:\毕业论文\SkinRetrieval0.3特征数组\pics\batch4\82.jpg
129 240 128 128 128 128 128 128 128 128 128 128 129 144 128 128 128 128 128 129 129 128 128 128 130 128 128 128 128 128 128 129 129 128 128 128 130 144 128 128 128 128 128 129 129 128 128 128 129 128 128 128 128 128 128 128 128 128 128 128 129 128 F:\毕业论文\SkinRetrieval0.3特征数组\pics\batch4\83.jpg
129 240 128 144 160 128 128 128 128 128 128 128 128 144 128 128 144 128 128 128 128 128 128 128 128 144 128 145 176 128 128 128 128 128 128 128 129 144 128 177 208 128 128 128 128 128 128 128 128 128 128 144 160 128 128 128 128 128 128 128 128 128 128 145 160 F:\毕业论文\SkinRetrieval0.3特征数组\pics\batch4\9.jpg
