21 6 4 14 13 10 15 12 17 17 16 18 15 16 17 15 13 15 16 15 14 16 17 32 16 15 16 15 15 31 15 16 16 16 16 F:\毕业论文\SkinRetrieval0.3特征数组\pics\batch1\1.jpg
21 6 5 21 15 7 16 9 11 16 11 16 15 15 20 15 13 12 16 19 15 16 16 30 15 15 17 15 17 34 17 16 13 16 14 F:\毕业论文\SkinRetrieval0.3特征数组\pics\batch1\10.jpg
21 6 3 16 15 10 15 11 15 16 15 16 19 16 21 16 16 16 16 16 15 16 15 31 16 16 16 16 16 32 16 16 15 16 15 F:\毕业论文\SkinRetrieval0.3特征数组\pics\batch1\11.jpg
21 6 5 14 14 9 14 8 18 15 17 16 11 16 18 16 12 15 17 14 16 15 17 31 16 15 16 16 15 33 15 17 15 15 15 F:\毕业论文\SkinRetrieval0.3特征数组\pics\batch1\12.jpg
21 6 6 19 12 6 17 6 14 19 13 19 14 13 22 13 12 12 15 16 11 15 15 26 15 17 20 15 20 34 16 15 14 16 13 F:\毕业论文\SkinRetrieval0.3特征数组\pics\batch1\13.jpg
21 6 4 16 18 8 19 8 15 14 16 13 15 11 21 11 13 15 15 15 17 14 15 29 15 15 17 15 17 33 16 16 15 16 15 F:\毕业论文\SkinRetrieval0.3特征数组\pics\batch1\14.jpg
21 6 4 16 14 7 16 10 16 16 15 18 18 14 21 15 14 15 17 16 15 17 15 32 16 16 15 16 15 30 15 16 17 16 16 F:\毕业论文\SkinRetrieval0.3特征数组\pics\batch1\15.jpg
21 6 3 17 18 9 16 9 15 14 14 13 16 15 20 15 15 15 15 16 17 16 16 33 16 16 15 16 14 30 16 15 16 16 17 F:\毕业论文\SkinRetrieval0.3特征数组\pics\batch1\16.jpg
21 6 4 15 16 8 15 9 17 15 17 14 14 16 19 16 14 15 15 14 16 15 16 32 16 16 15 15 15 29 15 15 17 16 17 F:\毕业论文\SkinRetrieval0.3特征数组\pics\batch1\2.jpg
21 6 4 17 15 7 14 9 14 16 14 16 18 18 22 17 15 16 15 17 15 16 17 32 16 15 15 15 15 31 15 16 16 16 16 F:\毕业论文\SkinRetrieval0.3特征数组\pics\batch1\3.jpg
21 6 3 15 14 10 15 10 16 17 16 17 16 16 21 16 17 15 15 15 14 15 15 30 16 16 17 16 17 33 15 15 14 16 14 F:\毕业论文\SkinRetrieval0.3特征数组\pics\batch1\4.jpg
21 6 6 16 19 8 15 5 17 13 14 14 9 15 21 16 13 12 15 16 17 16 12 22 14 16 20 15 21 43 17 16 10 16 8 F:\毕业论文\SkinRetrieval0.3特征数组\pics\batch1\5.jpg
21 6 6 19 15 6 15 4 11 15 12 15 13 16 24 17 17 15 17 19 17 16 16 28 15 15 17 16 18 34 16 16 14 15 13 F:\毕业论文\SkinRetrieval0.3特征数组\pics\batch1\6.jpg
21 6 5 20 21 7 16 7 13 11 13 11 12 16 20 15 13 12 16 16 20 15 14 23 14 11 20 15 21 39 17 19 11 16 11 F:\毕业论文\SkinRetrieval0.3特征数组\pics\batch1\7.jpg
21 6 5 18 16 8 16 6 15 16 14 16 11 15 20 16 15 12 13 15 13 15 14 31 15 16 16 16 16 32 16 16 16 15 16 F:\毕业论文\SkinRetrieval0.3特征数组\pics\batch1\8.jpg
21 6 3 15 14 10 16 11 16 16 16 17 16 15 19 15 15 16 16 15 16 16 17 31 16 16 16 15 16 32 15 16 15 16 15 F:\毕业论文\SkinRetrieval0.3特征数组\pics\batch1\9.jpg
21 6 3 14 16 11 16 11 18 15 17 15 17 15 20 15 16 15 16 13 17 15 16 31 16 16 16 15 16 32 15 16 15 16 15 F:\毕业论文\SkinRetrieval0.3特征数组\pics\batch2\1.jpg
21 6 2 16 16 16 16 15 15 15 16 15 15 15 15 14 15 16 15 15 16 15 15 31 15 15 16 15 16 32 16 16 16 16 15 F:\毕业论文\SkinRetrieval0.3特征数组\pics\batch2\10.jpg
21 6 2 16 16 14 16 15 14 16 15 16 16 16 17 15 15 16 15 17 16 16 15 31 15 15 16 16 16 32 16 16 15 16 15 F:\毕业论文\SkinRetrieval0.3特征数组\pics\batch2\11.jpg
21 6 3 17 16 9 16 9 13 15 14 14 17 15 21 15 18 16 16 18 17 16 16 29 15 15 18 15 18 35 16 16 12 16 12 F:\毕业论文\SkinRetrieval0.3特征数组\pics\batch2\12.jpg
21 6 3 16 16 9 15 10 15 15 15 14 18 17 22 17 15 16 15 17 17 17 16 30 16 15 17 16 16 34 15 16 13 15 13 F:\毕业论文\SkinRetrieval0.3特征数组\pics\batch2\13.jpg
21 6 6 12 16 6 13 4 18 16 18 16 11 17 23 19 14 18 15 15 15 16 15 28 16 15 17 16 18 39 13 16 11 15 10 F:\毕业论文\SkinRetrieval0.3特征数组\pics\batch2\14.jpg
21 6 5 16 15 7 16 6 16 17 15 15 14 14 21 15 15 15 14 15 14 15 17 28 15 15 17 15 18 38 17 17 12 16 11 F:\毕业论文\SkinRetrieval0.3特征数组\pics\batch2\15.jpg
21 6 2 16 16 14 16 14 15 15 15 15 16 15 17 15 16 16 16 16 16 16 16 31 16 15 16 16 16 32 16 16 15 16 15 F:\毕业论文\SkinRetrieval0.3特征数组\pics\batch2\16.jpg
21 6 3 17 17 10 16 12 15 15 14 13 17 15 19 16 15 14 15 16 17 16 16 30 15 15 18 16 17 34 16 16 13 16 14 F:\毕业论文\SkinRetrieval0.3特征数组\pics\batch2\17.jpg
21 6 3 17 16 11 16 11 15 15 14 15 16 15 19 15 16 14 16 16 15 16 15 30 15 16 16 15 16 33 16 16 15 16 15 F:\毕业论文\SkinRetrieval0.3特征数组\pics\batch2\18.jpg
21 6 5 15 15 7 16 7 15 15 17 16 15 15 20 15 14 17 16 15 15 15 15 31 16 16 16 16 16 34 16 15 14 16 14 F:\毕业论文\SkinRetrieval0.3特征数组\pics\batch2\19.jpg
21 6 5 14 15 9 14 7 16 16 16 16 12 17 18 17 13 17 16 16 16 16 16 33 15 16 15 15 15 32 16 15 16 16 16 F:\毕业论文\SkinRetrieval0.3特征数组\pics\batch2\2.jpg
21 6 2 16 18 16 16 13 15 13 15 14 14 15 15 15 16 16 16 16 17 15 14 31 16 15 15 16 16 32 16 16 16 16 15 F:\毕业论文\SkinRetrieval0.3特征数组\pics\batch2\20.jpg
21 6 4 13 12 9 18 8 18 17 17 19 15 13 22 13 17 16 17 14 14 16 16 30 16 16 17 15 17 35 15 14 14 16 13 F:\毕业论文\SkinRetrieval0.3特征数组\pics\batch2\21.jpg
21 6 5 11 16 6 14 6 19 15 18 17 13 17 22 17 13 17 16 14 14 16 13 27 17 15 18 16 19 38 14 16 11 15 11 F:\毕业论文\SkinRetrieval0.3特征数组\pics\batch2\22.jpg
21 6 2 16 15 13 16 11 14 16 15 16 15 15 18 15 18 17 15 17 15 16 16 32 16 15 15 16 15 32 16 16 15 16 16 F:\毕业论文\SkinRetrieval0.3特征数组\pics\batch2\23.jpg
21 6 3 16 13 13 15 10 15 19 15 19 15 16 19 16 19 15 13 16 12 16 16 30 16 16 16 16 17 34 16 14 14 16 13 F:\毕业论文\SkinRetrieval0.3特征数组\pics\batch2\24.jpg
21 6 2 16 16 13 16 13 14 15 15 14 16 15 18 15 16 17 16 17 17 16 16 31 15 15 16 15 16 33 16 16 14 16 14 F:\毕业论文\SkinRetrieval0.3特征数组\pics\batch2\25.jpg
21 6 3 15 14 10 15 12 16 16 16 17 14 16 17 16 13 16 16 16 15 16 16 30 16 16 16 16 16 32 15 15 15 16 15 F:\毕业论文\SkinRetrieval0.3特征数组\pics\batch2\26.jpg
21 6 4 16 18 11 16 7 15 13 16 13 14 15 21 14 18 15 16 15 17 15 14 30 16 15 16 15 17 34 16 17 14 16 13 F:\毕业论文\SkinRetrieval0.3特征数组\pics\batch2\27.jpg
21 6 5 15 14 9 14 8 16 16 16 17 11 17 18 17 13 16 16 16 15 16 16 28 16 15 17 16 17 37 15 16 13 15 13 F:\毕业论文\SkinRetrieval0.3特征数组\pics\batch2\28.jpg
21 6 3 13 19 11 14 10 18 13 16 12 15 17 19 18 16 16 15 15 18 17 15 29 16 15 17 16 17 35 15 17 13 15 13 F:\毕业论文\SkinRetrieval0.3特征数组\pics\batch2\29.jpg
21 6 5 17 20 6 14 7 14 13 14 11 14 17 22 17 13 15 14 17 17 16 14 34 16 16 14 15 14 31 15 15 16 16 16 F:\毕业论文\SkinRetrieval0.3特征数组\pics\batch2\3.jpg
21 6 5 20 12 6 14 7 12 18 12 18 15 17 22 17 14 14 16 18 14 15 18 29 15 16 18 15 18 39 17 14 9 15 9 F:\毕业论文\SkinRetrieval0.3特征数组\pics\batch2\30.jpg
21 6 3 16 12 10 15 8 15 19 15 21 16 16 20 16 18 15 14 16 11 15 14 29 15 17 17 16 18 35 16 14 13 15 13 F:\毕业论文\SkinRetrieval0.3特征数组\pics\batch2\31.jpg
21 6 2 14 16 13 15 14 17 15 17 14 17 16 17 16 16 15 16 14 16 15 16 31 16 15 16 16 16 32 15 16 15 15 15 F:\毕业论文\SkinRetrieval0.3特征数组\pics\batch2\32.jpg
21 6 3 16 14 11 16 11 15 17 15 18 15 15 19 15 15 16 15 16 14 16 15 30 16 16 16 16 16 33 15 15 14 16 14 F:\毕业论文\SkinRetrieval0.3特征数组\pics\batch2\33.jpg
21 6 5 16 15 8 16 8 15 15 15 16 13 15 18 15 13 16 16 16 16 16 16 29 16 16 17 16 17 34 16 15 14 16 14 F:\毕业论文\SkinRetrieval0.3特征数组\pics\batch2\34.jpg
21 6 3 13 18 10 15 11 18 13 18 12 17 16 19 17 15 16 16 14 19 15 17 30 16 15 17 16 17 34 15 16 13 15 14 F:\毕业论文\SkinRetrieval0.3特征数组\pics\batch2\35.jpg
21 6 5 15 14 7 14 7 16 16 15 17 13 17 20 17 14 16 16 16 15 16 15 28 16 16 18 16 18 38 16 15 12 15 11 F:\毕业论文\SkinRetrieval0.3特征数组\pics\batch2\36.jpg
21 6 2 16 17 12 16 11 14 14 15 13 16 15 19 15 18 17 17 17 18 16 16 31 15 15 16 15 17 33 16 16 14 16 14 F:\毕业论文\SkinRetrieval0.3特征数组\pics\batch2\37.jpg
21 6 6 17 17 6 11 7 14 13 14 14 12 20 20 19 10 14 18 17 18 16 15 28 15 15 18 16 17 36 16 16 12 14 13 F:\毕业论文\SkinRetrieval0.3特征数组\pics\batch2\38.jpg
21 6 6 16 20 7 15 6 16 13 16 12 11 16 21 16 13 16 14 16 16 15 12 34 16 16 14 15 14 28 15 15 18 16 18 F:\毕业论文\SkinRetrieval0.3特征数组\pics\batch2\39.jpg
21 6 3 17 15 12 17 13 14 16 14 16 15 14 17 14 15 15 15 16 15 16 15 31 16 16 16 15 16 32 16 15 15 16 15 F:\毕业论文\SkinRetrieval0.3特征数组\pics\batch2\4.jpg
21 6 5 17 18 6 17 8 15 14 16 14 13 15 20 14 11 13 15 14 16 14 14 34 16 16 14 16 15 28 16 15 18 16 17 F:\毕业论文\SkinRetrieval0.3特征数组\pics\batch2\40.jpg
21 6 4 14 18 10 14 10 17 14 16 14 14 16 19 17 14 16 15 16 16 17 14 32 15 16 16 15 16 33 16 15 14 16 14 F:\毕业论文\SkinRetrieval0.3特征数组\pics\batch2\41.jpg
21 6 4 17 15 9 17 11 14 16 14 16 15 13 19 14 14 15 16 17 15 16 17 33 16 15 14 16 15 31 15 16 16 15 16 F:\毕业论文\SkinRetrieval0.3特征数组\pics\batch2\42.jpg
21 6 6 17 11 6 15 5 15 19 15 19 14 16 23 16 15 15 17 16 15 16 19 29 16 16 17 15 18 35 15 15 13 16 13 F:\毕业论文\SkinRetrieval0.3特征数组\pics\batch2\43.jpg
21 6 6 15 11 5 17 5 16 18 15 19 14 14 24 14 14 16 17 16 16 16 19 28 16 16 18 15 18 37 15 14 12 16 12 F:\毕业论文\SkinRetrieval0.3特征数组\pics\batch2\44.jpg
21 6 5 14 14 7 16 8 17 16 17 16 13 15 18 15 12 16 16 15 16 16 17 32 15 16 15 16 15 31 16 15 16 16 16 F:\毕业论文\SkinRetrieval0.3特征数组\pics\batch2\45.jpg
21 6 6 16 15 6 14 6 15 15 16 15 12 17 20 16 11 16 16 15 16 15 16 34 16 16 14 15 14 30 15 16 17 16 17 F:\毕业论文\SkinRetrieval0.3特征数组\pics\batch2\46.jpg
21 6 5 19 17 8 15 6 13 13 14 15 11 17 20 17 16 13 16 15 16 14 13 33 16 16 15 16 14 32 15 15 16 15 15 F:\毕业论文\SkinRetrieval0.3特征数组\pics\batch2\5.jpg
21 6 4 18 17 9 14 9 14 13 13 13 15 17 20 17 15 14 17 17 19 16 16 30 15 15 17 16 17 35 17 16 12 15 13 F:\毕业论文\SkinRetrieval0.3特征数组\pics\batch2\6.jpg
21 6 3 14 13 12 16 12 19 18 17 18 16 15 18 14 16 14 15 13 13 15 16 32 15 15 15 16 15 31 16 16 16 16 16 F:\毕业论文\SkinRetrieval0.3特征数组\pics\batch2\7.jpg
21 6 5 16 15 7 14 7 14 16 15 16 15 18 22 18 14 16 15 16 15 15 15 31 15 16 15 16 15 32 16 15 15 15 15 F:\毕业论文\SkinRetrieval0.3特征数组\pics\batch2\8.jpg
21 6 2 16 16 14 16 13 15 15 15 14 16 15 17 15 16 16 16 16 17 15 17 32 16 16 15 16 16 31 16 15 16 16 16 F:\毕业论文\SkinRetrieval0.3特征数组\pics\batch2\9.jpg
21 6 3 18 16 9 15 9 12 15 13 15 18 16 22 16 18 17 16 20 17 17 16 31 15 15 16 16 16 33 16 16 14 16 14 F:\毕业论文\SkinRetrieval0.3特征数组\pics\batch3\1.jpg
21 6 2 15 16 14 15 14 17 15 16 15 17 16 17 16 16 15 15 14 16 15 16 31 16 16 16 16 16 32 15 16 15 16 15 F:\毕业论文\SkinRetrieval0.3特征数组\pics\batch3\10.jpg
21 6 2 16 16 13 16 13 14 15 15 15 17 16 18 16 16 16 16 17 16 16 16 31 15 16 16 16 16 32 16 16 15 16 15 F:\毕业论文\SkinRetrieval0.3特征数组\pics\batch3\11.jpg
21 6 2 15 16 14 16 14 16 16 16 16 17 16 18 16 17 15 16 15 16 15 16 31 16 16 17 16 17 33 15 16 14 16 14 F:\毕业论文\SkinRetrieval0.3特征数组\pics\batch3\12.jpg
21 6 2 15 16 14 16 14 16 15 16 15 17 16 18 16 17 16 16 15 16 15 16 31 16 16 16 16 16 32 16 16 15 16 15 F:\毕业论文\SkinRetrieval0.3特征数组\pics\batch3\13.jpg
21 6 2 16 15 13 15 13 14 16 15 17 17 16 18 16 16 16 15 17 14 16 15 31 15 16 16 16 16 33 16 15 14 16 15 F:\毕业论文\SkinRetrieval0.3特征数组\pics\batch3\14.jpg
21 6 2 16 16 13 16 13 15 15 15 15 17 16 18 16 17 16 16 16 16 16 16 31 16 15 16 16 16 32 16 16 15 16 15 F:\毕业论文\SkinRetrieval0.3特征数组\pics\batch3\15.jpg
21 6 2 16 15 14 16 14 15 16 15 16 17 16 18 16 17 16 16 16 15 16 15 31 15 16 16 16 16 32 16 16 15 16 15 F:\毕业论文\SkinRetrieval0.3特征数组\pics\batch3\16.jpg
21 6 5 15 17 6 17 7 15 14 17 15 15 14 22 14 13 17 15 15 16 15 14 28 16 15 18 15 17 34 15 16 14 16 14 F:\毕业论文\SkinRetrieval0.3特征数组\pics\batch3\17.jpg
21 6 4 16 15 10 15 8 16 15 15 16 12 16 18 15 14 14 17 15 16 16 16 28 15 16 17 16 18 36 16 16 14 16 13 F:\毕业论文\SkinRetrieval0.3特征数组\pics\batch3\18.jpg
21 6 2 16 16 16 16 16 16 16 16 16 16 16 16 16 16 16 16 16 16 16 16 32 16 16 16 16 16 32 16 16 16 16 16 F:\毕业论文\SkinRetrieval0.3特征数组\pics\batch3\19.jpg
21 6 2 16 13 15 16 12 16 18 16 18 14 16 16 15 17 15 14 16 13 16 16 31 16 16 16 16 17 33 16 14 15 16 14 F:\毕业论文\SkinRetrieval0.3特征数组\pics\batch3\2.jpg
21 6 2 14 17 13 15 13 17 15 16 13 16 17 18 16 16 16 15 15 17 16 16 31 16 15 16 16 16 33 15 16 15 15 15 F:\毕业论文\SkinRetrieval0.3特征数组\pics\batch3\20.jpg
21 6 3 14 15 10 16 10 18 16 17 16 15 15 21 15 16 15 15 14 15 15 15 30 16 16 18 15 17 34 15 16 13 16 14 F:\毕业论文\SkinRetrieval0.3特征数组\pics\batch3\21.jpg
21 6 3 19 17 12 16 13 12 15 13 14 16 15 17 15 14 16 15 19 16 16 15 31 15 15 16 15 16 33 16 16 15 16 15 F:\毕业论文\SkinRetrieval0.3特征数组\pics\batch3\22.jpg
21 6 3 16 17 10 16 10 15 14 16 14 17 15 21 15 17 16 16 15 17 15 15 31 16 15 16 16 16 33 16 16 14 16 14 F:\毕业论文\SkinRetrieval0.3特征数组\pics\batch3\23.jpg
21 6 2 17 16 13 15 15 14 16 14 15 18 16 16 16 14 16 15 18 15 17 16 31 15 16 16 16 16 32 16 16 15 16 15 F:\毕业论文\SkinRetrieval0.3特征数组\pics\batch3\24.jpg
21 6 3 19 19 10 17 10 11 12 13 11 15 14 19 14 16 15 16 18 19 16 15 30 15 15 17 15 16 33 16 16 14 16 15 F:\毕业论文\SkinRetrieval0.3特征数组\pics\batch3\25.jpg
21 6 2 16 15 15 15 13 15 16 15 15 15 16 16 16 17 17 15 16 16 15 17 31 15 16 16 16 16 32 16 15 15 15 15 F:\毕业论文\SkinRetrieval0.3特征数组\pics\batch3\26.jpg
21 6 3 17 18 10 16 10 14 13 15 12 17 15 21 15 18 16 16 17 19 16 17 30 15 15 17 15 17 33 16 16 14 16 14 F:\毕业论文\SkinRetrieval0.3特征数组\pics\batch3\27.jpg
21 6 4 15 14 9 18 6 16 17 16 16 13 13 23 11 18 16 16 15 15 16 16 30 16 16 16 15 17 35 16 15 14 16 12 F:\毕业论文\SkinRetrieval0.3特征数组\pics\batch3\28.jpg
21 6 2 16 15 15 16 15 15 16 15 16 16 16 16 16 16 16 16 17 15 16 15 31 15 16 16 16 16 32 16 16 15 16 15 F:\毕业论文\SkinRetrieval0.3特征数组\pics\batch3\29.jpg
21 6 4 21 19 7 17 7 10 14 12 13 15 14 21 14 15 14 15 19 16 15 13 28 14 15 18 15 18 34 16 16 14 16 14 F:\毕业论文\SkinRetrieval0.3特征数组\pics\batch3\3.jpg
21 6 2 16 16 14 16 14 15 15 15 15 16 15 17 15 16 16 16 16 16 16 16 31 15 15 16 16 16 32 16 16 15 16 15 F:\毕业论文\SkinRetrieval0.3特征数组\pics\batch3\30.jpg
21 6 3 15 18 13 15 11 16 13 16 13 15 16 19 16 17 15 16 15 18 16 15 31 16 15 16 16 16 32 15 16 16 16 15 F:\毕业论文\SkinRetrieval0.3特征数组\pics\batch3\31.jpg
21 6 3 17 15 11 15 12 13 16 14 17 17 17 19 16 16 15 16 18 15 17 15 30 15 16 17 16 17 35 17 15 12 15 12 F:\毕业论文\SkinRetrieval0.3特征数组\pics\batch3\32.jpg
21 6 2 16 15 13 16 13 15 16 15 16 17 16 18 16 17 16 15 16 15 16 15 31 15 16 16 16 16 32 16 15 15 16 15 F:\毕业论文\SkinRetrieval0.3特征数组\pics\batch3\33.jpg
21 6 3 15 16 11 15 11 17 15 16 14 17 16 20 16 17 15 16 14 17 15 16 31 16 15 17 16 16 33 15 16 14 16 14 F:\毕业论文\SkinRetrieval0.3特征数组\pics\batch3\34.jpg
21 6 3 17 16 9 16 10 13 15 14 15 19 15 22 15 17 16 16 19 16 17 16 31 15 16 17 16 16 32 16 16 15 16 15 F:\毕业论文\SkinRetrieval0.3特征数组\pics\batch3\35.jpg
21 6 5 14 15 8 17 7 17 15 16 15 14 15 19 14 15 17 16 16 16 17 16 30 16 15 16 15 17 34 15 16 15 16 14 F:\毕业论文\SkinRetrieval0.3特征数组\pics\batch3\36.jpg
21 6 3 18 12 12 14 11 12 18 14 20 15 18 18 18 16 15 16 17 13 15 15 30 15 17 17 16 17 34 17 14 14 15 14 F:\毕业论文\SkinRetrieval0.3特征数组\pics\batch3\37.jpg
21 6 3 14 18 12 14 11 18 13 16 11 15 17 19 17 16 15 16 14 19 16 17 31 16 15 16 16 16 33 15 16 15 15 14 F:\毕业论文\SkinRetrieval0.3特征数组\pics\batch3\38.jpg
21 6 4 20 14 6 17 8 12 18 11 18 16 14 22 14 13 14 14 19 12 16 15 29 15 16 17 15 17 34 17 15 13 16 14 F:\毕业论文\SkinRetrieval0.3特征数组\pics\batch3\39.jpg
21 6 2 16 16 14 16 14 15 15 15 14 16 15 17 15 17 16 16 16 17 16 16 31 16 15 16 16 16 32 16 16 15 16 15 F:\毕业论文\SkinRetrieval0.3特征数组\pics\batch3\4.jpg
21 6 2 16 16 16 16 16 16 16 16 16 16 16 16 16 16 16 16 16 16 16 16 32 16 16 16 16 16 32 16 16 16 16 16 F:\毕业论文\SkinRetrieval0.3特征数组\pics\batch3\40.jpg
21 6 2 15 16 15 16 15 16 15 16 15 16 16 16 16 16 15 16 15 16 16 16 31 16 15 16 16 16 32 16 16 15 16 15 F:\毕业论文\SkinRetrieval0.3特征数组\pics\batch3\41.jpg
21 6 5 18 16 7 15 8 13 15 13 17 14 16 20 16 13 15 16 17 14 16 12 29 15 15 17 16 17 36 17 16 12 15 13 F:\毕业论文\SkinRetrieval0.3特征数组\pics\batch3\42.jpg
21 6 2 15 17 12 15 11 16 14 16 14 17 16 20 16 18 15 16 15 18 15 17 31 16 15 17 16 17 33 16 16 14 16 14 F:\毕业论文\SkinRetrieval0.3特征数组\pics\batch3\5.jpg
21 6 3 15 15 12 16 8 17 17 16 16 14 15 19 15 20 15 15 15 14 16 16 31 16 15 16 16 17 33 15 16 15 16 14 F:\毕业论文\SkinRetrieval0.3特征数组\pics\batch3\6.jpg
21 6 6 16 15 6 12 5 15 16 15 16 12 20 21 19 14 16 16 17 16 15 16 29 16 16 17 16 17 34 16 15 14 15 14 F:\毕业论文\SkinRetrieval0.3特征数组\pics\batch3\7.jpg
21 6 2 14 15 12 16 13 19 16 18 16 17 15 18 15 15 14 16 12 15 14 15 31 16 16 16 16 16 32 15 15 15 16 15 F:\毕业论文\SkinRetrieval0.3特征数组\pics\batch3\8.jpg
21 6 2 16 16 13 16 13 15 15 15 14 17 15 19 15 17 17 16 17 17 16 16 31 16 15 16 16 16 32 16 16 15 16 15 F:\毕业论文\SkinRetrieval0.3特征数组\pics\batch3\9.jpg
21 6 5 15 15 6 16 6 16 16 16 16 19 14 24 14 16 15 16 15 15 16 15 30 16 16 17 15 17 33 15 15 14 16 15 F:\毕业论文\SkinRetrieval0.3特征数组\pics\batch4\1.jpg
21 6 3 16 16 10 15 10 15 15 15 14 16 16 21 16 17 16 16 16 17 16 16 29 15 15 17 16 18 34 16 16 13 15 13 F:\毕业论文\SkinRetrieval0.3特征数组\pics\batch4\10.jpg
21 6 4 17 16 8 16 8 14 15 14 15 17 15 22 15 17 15 16 17 16 16 16 32 16 16 15 16 15 31 15 15 16 16 16 F:\毕业论文\SkinRetrieval0.3特征数组\pics\batch4\11.jpg
21 6 4 16 15 8 16 7 15 16 15 16 17 15 23 15 17 15 16 16 15 16 15 32 16 15 15 16 15 31 16 16 16 16 16 F:\毕业论文\SkinRetrieval0.3特征数组\pics\batch4\12.jpg
21 6 5 18 15 6 15 7 13 16 14 16 15 16 22 17 13 15 16 17 17 16 16 31 15 16 15 16 15 32 16 15 15 16 15 F:\毕业论文\SkinRetrieval0.3特征数组\pics\batch4\13.jpg
21 6 7 19 13 3 16 4 14 18 15 17 15 14 24 16 13 13 15 13 14 12 17 32 16 16 15 16 15 31 16 16 17 16 17 F:\毕业论文\SkinRetrieval0.3特征数组\pics\batch4\14.jpg
21 6 4 15 15 8 15 7 16 16 16 16 15 16 22 16 18 16 15 15 16 15 17 29 16 16 17 16 18 32 15 15 15 16 15 F:\毕业论文\SkinRetrieval0.3特征数组\pics\batch4\15.jpg
21 6 4 15 17 10 15 9 16 14 16 14 12 15 18 16 13 16 15 15 16 16 14 33 15 16 15 16 15 30 16 15 16 16 17 F:\毕业论文\SkinRetrieval0.3特征数组\pics\batch4\16.jpg
21 6 5 15 14 7 16 7 17 15 17 16 12 15 19 15 12 15 18 13 19 14 17 31 15 16 15 16 15 33 15 15 15 16 15 F:\毕业论文\SkinRetrieval0.3特征数组\pics\batch4\17.jpg
21 6 2 16 15 15 15 15 15 16 15 16 15 16 16 16 16 16 15 16 15 16 15 31 16 16 16 16 16 32 16 15 15 16 15 F:\毕业论文\SkinRetrieval0.3特征数组\pics\batch4\18.jpg
21 6 2 14 17 14 14 15 17 15 17 14 15 18 16 18 13 17 15 15 15 15 16 31 16 16 16 16 16 32 15 16 15 15 15 F:\毕业论文\SkinRetrieval0.3特征数组\pics\batch4\19.jpg
21 6 3 16 14 12 15 12 15 17 15 17 15 16 18 16 15 15 16 16 15 15 16 30 15 16 16 16 16 33 16 15 15 15 15 F:\毕业论文\SkinRetrieval0.3特征数组\pics\batch4\2.jpg
21 6 2 14 15 14 16 15 17 16 17 16 16 15 16 15 14 16 16 14 16 15 15 31 16 16 16 16 16 32 15 15 15 16 16 F:\毕业论文\SkinRetrieval0.3特征数组\pics\batch4\20.jpg
21 6 4 17 11 7 15 7 16 19 14 20 17 16 22 15 15 14 16 16 13 16 17 31 15 16 16 16 16 33 16 15 15 15 15 F:\毕业论文\SkinRetrieval0.3特征数组\pics\batch4\21.jpg
21 6 7 11 14 5 15 5 18 17 17 16 12 16 23 16 11 19 15 16 15 18 18 32 15 16 15 16 15 31 16 15 16 16 16 F:\毕业论文\SkinRetrieval0.3特征数组\pics\batch4\22.jpg
21 6 4 15 13 7 16 8 15 17 16 19 17 15 23 15 16 16 16 16 13 16 15 30 16 16 17 16 16 32 16 15 15 16 15 F:\毕业论文\SkinRetrieval0.3特征数组\pics\batch4\23.jpg
21 6 4 17 15 8 15 9 14 16 14 16 16 16 21 17 15 15 16 16 16 16 16 30 16 16 17 16 16 32 15 16 15 15 15 F:\毕业论文\SkinRetrieval0.3特征数组\pics\batch4\24.jpg
21 6 5 16 19 7 17 7 15 13 15 13 12 14 19 14 13 16 16 15 18 15 14 32 15 15 14 16 15 31 16 16 17 16 16 F:\毕业论文\SkinRetrieval0.3特征数组\pics\batch4\25.jpg
21 6 4 14 14 8 16 8 17 16 17 17 15 15 20 15 15 17 16 15 15 15 16 32 16 16 15 16 15 31 16 16 16 16 16 F:\毕业论文\SkinRetrieval0.3特征数组\pics\batch4\26.jpg
21 6 4 16 15 7 16 8 15 17 15 17 17 15 22 15 15 15 15 16 14 16 16 32 15 16 15 16 15 31 16 16 16 16 16 F:\毕业论文\SkinRetrieval0.3特征数组\pics\batch4\27.jpg
21 6 4 20 17 8 16 9 12 15 13 15 15 15 20 15 14 13 15 17 14 15 14 32 16 16 15 16 15 30 15 16 17 15 16 F:\毕业论文\SkinRetrieval0.3特征数组\pics\batch4\28.jpg
21 6 4 19 16 8 16 9 12 15 13 15 16 16 20 15 15 14 16 17 16 15 15 31 16 16 16 16 16 31 15 15 16 16 16 F:\毕业论文\SkinRetrieval0.3特征数组\pics\batch4\29.jpg
21 6 5 15 15 8 15 8 16 16 17 16 12 16 18 16 12 16 15 15 15 15 15 30 16 16 16 15 16 33 15 15 15 16 15 F:\毕业论文\SkinRetrieval0.3特征数组\pics\batch4\3.jpg
21 6 4 15 15 9 15 10 16 16 16 16 15 17 18 16 14 16 16 15 16 16 17 32 15 15 14 16 15 31 16 16 16 16 16 F:\毕业论文\SkinRetrieval0.3特征数组\pics\batch4\30.jpg
21 6 5 16 19 7 17 9 15 14 16 13 13 15 19 14 12 16 15 15 16 15 13 31 16 16 16 16 16 32 15 16 15 16 15 F:\毕业论文\SkinRetrieval0.3特征数组\pics\batch4\31.jpg
21 6 5 19 18 7 15 6 13 14 14 14 12 16 22 17 14 13 16 15 17 14 15 30 15 15 16 16 16 34 16 16 15 15 14 F:\毕业论文\SkinRetrieval0.3特征数组\pics\batch4\32.jpg
21 6 3 17 14 10 16 10 14 17 14 17 16 15 19 15 16 15 15 17 15 16 17 32 16 15 15 16 15 31 15 16 16 16 16 F:\毕业论文\SkinRetrieval0.3特征数组\pics\batch4\33.jpg
21 6 7 16 16 5 18 5 15 14 15 14 12 13 21 14 12 16 17 15 18 15 17 34 16 16 13 16 14 31 16 15 17 15 16 F:\毕业论文\SkinRetrieval0.3特征数组\pics\batch4\34.jpg
21 6 4 14 18 10 14 9 17 15 16 14 13 17 18 17 13 16 14 15 16 16 14 33 15 16 15 15 15 30 16 16 16 16 16 F:\毕业论文\SkinRetrieval0.3特征数组\pics\batch4\35.jpg
21 6 4 15 17 9 17 9 16 15 16 15 14 13 19 14 14 15 15 15 16 15 14 31 16 16 16 15 16 31 16 15 16 16 16 F:\毕业论文\SkinRetrieval0.3特征数组\pics\batch4\36.jpg
21 6 2 15 15 13 16 11 17 16 16 15 15 15 19 15 18 15 16 15 16 16 16 32 16 16 15 16 16 31 16 16 16 16 16 F:\毕业论文\SkinRetrieval0.3特征数组\pics\batch4\37.jpg
21 6 4 15 13 10 15 9 15 17 16 17 15 15 19 16 15 17 16 16 16 15 17 31 16 16 16 16 16 33 15 15 15 16 15 F:\毕业论文\SkinRetrieval0.3特征数组\pics\batch4\38.jpg
21 6 6 16 18 5 17 5 14 14 14 15 13 13 23 14 14 17 15 18 16 17 13 32 16 15 15 16 15 30 15 15 17 16 17 F:\毕业论文\SkinRetrieval0.3特征数组\pics\batch4\39.jpg
21 6 6 12 14 4 14 5 19 18 18 17 17 19 25 17 16 17 16 14 14 16 17 29 16 16 17 16 17 35 14 15 13 15 13 F:\毕业论文\SkinRetrieval0.3特征数组\pics\batch4\4.jpg
21 6 6 16 19 5 16 5 16 14 15 13 14 15 24 15 14 15 15 16 17 16 15 31 15 16 16 15 16 32 16 15 15 16 16 F:\毕业论文\SkinRetrieval0.3特征数组\pics\batch4\40.jpg
21 6 4 18 13 10 14 9 13 17 14 17 14 17 20 17 16 15 15 16 15 15 18 32 16 16 15 16 15 31 15 16 16 16 16 F:\毕业论文\SkinRetrieval0.3特征数组\pics\batch4\41.jpg
21 6 5 15 14 6 16 7 17 17 16 16 15 16 21 15 14 15 16 14 16 15 18 30 15 16 16 16 16 34 16 15 15 15 15 F:\毕业论文\SkinRetrieval0.3特征数组\pics\batch4\42.jpg
21 6 5 18 17 6 16 6 13 14 14 14 16 16 23 16 15 15 15 17 16 16 15 29 15 15 18 16 18 35 16 16 13 16 13 F:\毕业论文\SkinRetrieval0.3特征数组\pics\batch4\43.jpg
21 6 5 18 15 7 15 8 14 16 15 15 14 17 20 16 12 14 15 15 15 14 17 30 16 15 16 16 16 31 15 16 16 16 16 F:\毕业论文\SkinRetrieval0.3特征数组\pics\batch4\44.jpg
21 6 5 15 16 7 16 7 16 15 16 14 12 16 19 15 13 16 15 15 16 15 16 30 16 16 16 16 17 33 15 15 15 16 15 F:\毕业论文\SkinRetrieval0.3特征数组\pics\batch4\45.jpg
21 6 3 19 15 8 15 9 10 15 12 16 18 17 22 17 16 17 17 21 16 17 15 31 15 16 16 16 16 32 16 15 15 15 15 F:\毕业论文\SkinRetrieval0.3特征数组\pics\batch4\46.jpg
21 6 2 15 16 16 15 16 16 16 15 15 15 16 16 16 15 16 15 16 16 16 15 32 16 16 16 16 16 32 15 16 16 15 16 F:\毕业论文\SkinRetrieval0.3特征数组\pics\batch4\47.jpg
21 6 5 17 17 6 13 6 16 13 15 14 14 18 23 19 15 13 17 15 18 15 16 30 15 16 17 16 17 34 16 15 14 15 14 F:\毕业论文\SkinRetrieval0.3特征数组\pics\batch4\48.jpg
21 6 5 18 14 8 16 7 13 17 14 17 12 15 19 15 14 14 15 16 14 15 16 33 16 15 15 15 14 30 15 16 16 16 17 F:\毕业论文\SkinRetrieval0.3特征数组\pics\batch4\49.jpg
21 6 5 17 17 6 17 8 13 15 14 14 16 14 21 15 13 16 15 17 16 15 15 30 15 15 17 15 16 33 16 16 14 16 15 F:\毕业论文\SkinRetrieval0.3特征数组\pics\batch4\5.jpg
21 6 5 14 15 7 16 7 16 15 14 16 13 15 19 15 11 17 17 17 16 18 16 30 16 16 16 15 16 34 15 15 14 16 14 F:\毕业论文\SkinRetrieval0.3特征数组\pics\batch4\50.jpg
21 6 4 17 16 8 17 9 14 16 15 15 16 14 21 14 16 14 15 16 15 15 15 32 16 16 15 16 15 30 15 15 17 15 17 F:\毕业论文\SkinRetrieval0.3特征数组\pics\batch4\51.jpg
21 6 3 15 15 9 16 11 16 16 16 16 18 15 21 15 16 16 15 15 15 15 15 30 16 16 17 16 17 34 15 15 13 16 14 F:\毕业论文\SkinRetrieval0.3特征数组\pics\batch4\52.jpg
21 6 4 18 19 7 18 7 14 14 15 13 15 13 22 13 15 14 15 16 17 15 14 30 15 15 17 15 17 34 16 16 14 16 14 F:\毕业论文\SkinRetrieval0.3特征数组\pics\batch4\53.jpg
21 6 4 15 16 8 14 11 16 15 16 16 16 17 19 17 13 16 15 15 15 16 15 30 16 15 17 16 16 34 15 16 14 15 14 F:\毕业论文\SkinRetrieval0.3特征数组\pics\batch4\54.jpg
21 6 5 18 19 6 16 6 13 13 14 12 16 16 22 16 14 15 15 16 16 16 14 27 15 14 18 16 18 37 16 17 12 16 12 F:\毕业论文\SkinRetrieval0.3特征数组\pics\batch4\55.jpg
21 6 4 15 15 10 16 8 14 15 15 15 14 16 20 16 16 18 17 17 17 16 18 28 16 16 18 16 19 34 15 15 14 16 14 F:\毕业论文\SkinRetrieval0.3特征数组\pics\batch4\56.jpg
21 6 4 13 16 7 15 10 17 15 18 14 19 17 22 16 16 17 15 14 16 15 16 30 16 15 17 16 17 33 15 16 13 15 14 F:\毕业论文\SkinRetrieval0.3特征数组\pics\batch4\57.jpg
21 6 2 16 16 16 16 16 16 16 16 16 16 16 16 16 16 16 16 16 16 16 16 32 16 16 16 16 16 32 16 16 16 16 16 F:\毕业论文\SkinRetrieval0.3特征数组\pics\batch4\58.jpg
21 6 5 15 15 7 15 6 17 15 15 16 14 16 23 16 16 15 17 16 15 17 15 28 16 16 18 16 18 36 15 15 12 16 11 F:\毕业论文\SkinRetrieval0.3特征数组\pics\batch4\59.jpg
21 6 5 16 18 7 15 7 16 15 15 13 13 16 20 16 13 15 14 15 15 16 14 30 15 15 16 15 16 33 16 16 15 16 15 F:\毕业论文\SkinRetrieval0.3特征数组\pics\batch4\6.jpg
21 6 3 16 17 11 15 11 16 14 16 13 17 16 20 16 17 16 16 16 18 16 17 31 16 15 16 16 16 33 16 16 15 16 15 F:\毕业论文\SkinRetrieval0.3特征数组\pics\batch4\60.jpg
21 6 3 16 14 11 15 11 15 16 15 17 16 16 19 16 15 15 16 15 16 15 17 30 15 16 17 16 17 33 16 15 15 15 15 F:\毕业论文\SkinRetrieval0.3特征数组\pics\batch4\61.jpg
21 6 4 13 15 9 18 10 19 16 18 16 13 13 18 14 12 15 16 14 16 16 15 31 15 15 16 15 16 32 16 16 15 16 15 F:\毕业论文\SkinRetrieval0.3特征数组\pics\batch4\62.jpg
21 6 2 17 14 15 14 15 14 16 15 17 14 17 16 17 14 15 17 16 15 14 16 31 15 16 16 16 16 32 16 16 16 16 16 F:\毕业论文\SkinRetrieval0.3特征数组\pics\batch4\63.jpg
21 6 4 11 12 8 18 10 19 18 19 21 17 13 20 13 15 17 16 13 12 15 14 30 16 16 17 15 17 34 14 14 13 16 14 F:\毕业论文\SkinRetrieval0.3特征数组\pics\batch4\64.jpg
21 6 3 18 14 9 15 11 13 17 13 18 18 16 20 17 15 15 16 18 14 16 16 30 15 16 17 16 17 33 16 15 14 15 14 F:\毕业论文\SkinRetrieval0.3特征数组\pics\batch4\65.jpg
21 6 5 14 13 7 14 7 17 17 17 17 15 18 21 18 14 16 16 14 15 15 16 29 16 16 18 16 17 35 15 15 13 15 14 F:\毕业论文\SkinRetrieval0.3特征数组\pics\batch4\66.jpg
21 6 5 16 12 6 14 4 14 18 16 19 13 17 25 19 19 17 16 14 13 14 16 30 16 16 16 16 17 32 16 15 15 15 15 F:\毕业论文\SkinRetrieval0.3特征数组\pics\batch4\67.jpg
21 6 5 16 15 7 16 6 15 15 15 15 13 16 20 15 15 15 17 16 17 16 17 30 16 16 16 16 17 34 15 15 15 16 14 F:\毕业论文\SkinRetrieval0.3特征数组\pics\batch4\68.jpg
21 6 4 12 13 8 17 8 18 17 18 19 16 14 21 14 17 17 16 14 14 16 16 29 17 16 17 15 17 35 14 14 13 16 13 F:\毕业论文\SkinRetrieval0.3特征数组\pics\batch4\69.jpg
21 6 4 14 16 11 19 9 16 13 15 14 11 11 18 11 15 17 18 17 19 17 17 32 15 16 15 16 15 31 16 16 16 15 16 F:\毕业论文\SkinRetrieval0.3特征数组\pics\batch4\7.jpg
21 6 5 15 15 9 14 9 16 15 16 16 12 17 18 17 12 16 17 15 16 16 16 27 15 16 18 16 18 36 16 15 13 15 13 F:\毕业论文\SkinRetrieval0.3特征数组\pics\batch4\70.jpg
21 6 4 13 15 9 17 10 17 15 17 15 15 14 20 14 14 18 16 16 16 16 17 31 16 16 16 15 16 32 15 15 15 16 15 F:\毕业论文\SkinRetrieval0.3特征数组\pics\batch4\71.jpg
21 6 6 15 14 4 14 6 15 16 16 17 14 17 23 17 13 16 17 15 17 16 16 30 16 16 16 16 16 34 16 15 14 15 14 F:\毕业论文\SkinRetrieval0.3特征数组\pics\batch4\72.jpg
21 6 4 14 13 7 17 8 18 17 16 17 17 14 22 14 14 16 16 15 15 16 17 29 16 16 17 15 17 33 15 15 15 16 15 F:\毕业论文\SkinRetrieval0.3特征数组\pics\batch4\73.jpg
21 6 5 18 12 6 15 6 14 18 14 19 16 15 23 16 15 14 16 16 13 15 17 27 15 16 19 16 19 37 16 14 11 16 11 F:\毕业论文\SkinRetrieval0.3特征数组\pics\batch4\74.jpg
21 6 4 16 14 9 16 10 15 16 15 16 15 14 19 15 14 16 16 16 16 16 17 29 15 16 17 15 17 35 16 15 13 16 14 F:\毕业论文\SkinRetrieval0.3特征数组\pics\batch4\75.jpg
21 6 5 17 15 8 16 7 15 16 14 16 13 15 20 16 15 14 15 16 15 15 16 30 15 15 16 16 17 34 16 16 14 16 14 F:\毕业论文\SkinRetrieval0.3特征数组\pics\batch4\76.jpg
21 6 3 16 13 10 15 11 15 17 15 18 17 16 20 16 15 15 16 16 15 16 16 31 16 16 16 16 16 32 16 15 15 16 15 F:\毕业论文\SkinRetrieval0.3特征数组\pics\batch4\77.jpg
21 6 5 18 11 8 14 7 14 18 15 19 13 18 21 17 14 14 16 16 15 15 18 28 15 17 18 16 19 37 16 14 12 15 11 F:\毕业论文\SkinRetrieval0.3特征数组\pics\batch4\78.jpg
21 6 6 16 17 6 17 6 16 15 16 15 12 15 20 15 11 15 15 15 16 15 15 29 15 16 17 15 17 34 16 15 14 16 14 F:\毕业论文\SkinRetrieval0.3特征数组\pics\batch4\79.jpg
21 6 3 18 14 8 15 10 12 17 13 18 17 16 21 16 16 15 16 18 14 16 15 29 15 16 18 16 17 34 16 15 14 15 14 F:\毕业论文\SkinRetrieval0.3特征数组\pics\batch4\8.jpg
21 6 3 15 14 10 15 10 16 17 15 17 15 16 20 16 14 15 16 15 15 16 16 30 15 16 17 16 17 33 16 15 14 15 14 F:\毕业论文\SkinRetrieval0.3特征数组\pics\batch4\80.jpg
21 6 3 12 14 9 16 11 19 17 19 17 18 15 20 15 16 17 15 13 14 15 16 32 16 16 15 16 16 31 16 16 16 16 16 F:\毕业论文\SkinRetrieval0.3特征数组\pics\batch4\81.jpg
21 6 2 19 17 12 17 15 13 15 13 14 16 14 16 15 13 14 15 18 16 16 16 31 15 16 16 16 16 32 16 16 15 16 16 F:\毕业论文\SkinRetrieval0.3特征数组\pics\batch4\82.jpg
21 6 3 19 17 10 17 12 11 14 12 12 16 13 19 14 14 16 15 20 18 16 17 32 16 16 15 16 15 30 15 15 17 15 16 F:\毕业论文\SkinRetrieval0.3特征数组\pics\batch4\83.jpg
21 6 4 13 16 7 17 8 18 15 18 16 15 14 20 14 13 17 16 14 16 16 16 29 16 16 18 15 18 34 15 16 14 16 14 F:\毕业论文\SkinRetrieval0.3特征数组\pics\batch4\9.jpg
