128 128 128 128 128 129 128 128 128 128 128 144 161 164 147 161 228 209 132 180 161 162 160 180 163 162 180 193 130 129 128 128 128 144 128 129 128 144 128 129 F:\毕业论文\SkinRetrieval0.3特征数组\pics\batch1\1.jpg
128 128 128 145 145 128 128 144 128 128 176 144 146 149 211 162 146 176 128 128 176 162 161 166 180 163 182 193 128 144 128 145 145 147 146 145 160 160 128 128 F:\毕业论文\SkinRetrieval0.3特征数组\pics\batch1\10.jpg
128 128 128 128 128 128 128 128 128 128 128 128 130 148 130 145 148 160 128 128 128 128 129 164 194 145 145 160 128 128 128 128 128 128 128 128 128 128 128 128 F:\毕业论文\SkinRetrieval0.3特征数组\pics\batch1\11.jpg
128 128 128 129 129 129 128 144 128 128 128 176 160 165 128 145 162 129 128 129 160 129 145 164 160 144 176 130 128 128 128 129 128 144 129 129 128 144 128 128 F:\毕业论文\SkinRetrieval0.3特征数组\pics\batch1\12.jpg
128 128 128 145 195 129 128 128 128 128 144 179 212 197 212 164 198 160 128 128 161 162 193 182 230 196 181 193 129 130 128 129 144 162 194 145 164 144 128 128 F:\毕业论文\SkinRetrieval0.3特征数组\pics\batch1\13.jpg
128 144 129 147 146 128 128 128 128 128 144 178 164 166 229 163 209 192 128 128 128 128 128 145 162 179 196 224 162 179 128 128 128 128 128 128 145 144 128 128 F:\毕业论文\SkinRetrieval0.3特征数组\pics\batch1\14.jpg
128 128 128 128 128 128 128 128 128 128 145 194 162 165 197 178 196 192 128 129 144 146 178 180 198 162 197 241 146 178 128 128 128 128 128 128 128 144 128 129 F:\毕业论文\SkinRetrieval0.3特征数组\pics\batch1\15.jpg
128 128 128 162 146 129 131 144 128 128 144 145 162 183 214 163 196 208 129 129 144 128 130 163 196 162 193 176 128 128 128 128 128 128 128 128 128 128 128 128 F:\毕业论文\SkinRetrieval0.3特征数组\pics\batch1\16.jpg
128 128 129 145 194 130 130 160 128 128 177 163 180 131 230 179 214 194 147 178 192 162 164 131 197 178 213 210 147 162 128 162 145 146 162 128 144 144 128 128 F:\毕业论文\SkinRetrieval0.3特征数组\pics\batch1\2.jpg
128 128 128 128 128 128 128 128 128 128 128 144 146 165 182 162 181 224 130 145 160 130 163 197 214 144 178 176 128 128 128 128 128 129 129 128 128 128 128 128 F:\毕业论文\SkinRetrieval0.3特征数组\pics\batch1\3.jpg
128 128 128 128 128 128 128 128 128 128 128 128 128 148 147 178 164 240 128 129 128 128 146 165 230 177 211 208 128 128 128 128 128 144 145 128 128 128 128 128 F:\毕业论文\SkinRetrieval0.3特征数组\pics\batch1\4.jpg
128 145 146 148 179 147 180 160 128 129 144 161 163 167 229 162 199 241 128 128 160 162 162 182 214 210 210 224 128 128 128 130 145 163 163 162 164 160 128 128 F:\毕业论文\SkinRetrieval0.3特征数组\pics\batch1\5.jpg
128 128 129 146 146 145 163 160 128 128 128 145 147 180 215 193 181 224 128 128 144 146 147 165 247 209 165 224 128 128 128 128 129 148 164 145 177 176 128 128 F:\毕业论文\SkinRetrieval0.3特征数组\pics\batch1\6.jpg
128 144 144 162 148 129 132 160 128 128 176 144 162 196 214 194 164 225 128 128 176 176 179 149 198 193 227 176 128 128 128 130 145 160 162 128 128 160 128 128 F:\毕业论文\SkinRetrieval0.3特征数组\pics\batch1\7.jpg
128 144 144 161 179 129 162 160 128 128 160 179 179 181 230 193 183 208 128 128 144 130 164 196 197 178 212 192 128 128 128 128 128 146 160 129 160 144 128 128 F:\毕业论文\SkinRetrieval0.3特征数组\pics\batch1\8.jpg
128 128 128 128 128 128 128 128 128 128 128 145 161 163 180 131 146 176 129 128 129 128 145 165 229 163 180 225 146 146 128 128 128 129 147 130 192 176 128 128 F:\毕业论文\SkinRetrieval0.3特征数组\pics\batch1\9.jpg
128 128 128 128 128 128 128 128 128 128 128 128 129 149 178 178 165 192 128 144 128 128 129 130 162 162 227 210 129 129 128 128 128 128 128 128 128 128 128 128 F:\毕业论文\SkinRetrieval0.3特征数组\pics\batch2\1.jpg
144 128 129 146 177 128 128 128 128 128 128 128 128 145 145 128 128 128 128 128 128 128 128 128 128 128 128 128 128 128 128 128 128 128 128 128 128 128 128 128 F:\毕业论文\SkinRetrieval0.3特征数组\pics\batch2\10.jpg
128 128 144 129 129 128 128 128 128 128 128 128 129 147 130 128 128 128 128 128 128 128 128 130 161 128 128 128 128 128 128 128 128 128 128 128 128 128 128 128 F:\毕业论文\SkinRetrieval0.3特征数组\pics\batch2\11.jpg
128 128 128 128 129 128 128 128 128 128 128 145 146 161 179 176 164 144 128 128 128 128 146 145 210 145 160 160 128 128 128 128 128 128 128 128 128 128 128 128 F:\毕业论文\SkinRetrieval0.3特征数组\pics\batch2\12.jpg
128 128 128 128 128 128 144 144 128 128 128 128 130 165 162 162 194 161 129 128 128 128 129 163 193 128 160 144 128 128 128 128 128 128 128 128 128 128 128 128 F:\毕业论文\SkinRetrieval0.3特征数组\pics\batch2\13.jpg
128 128 128 128 129 130 148 144 128 144 128 128 130 182 197 178 166 194 128 161 128 128 130 181 228 178 226 194 130 129 128 128 128 144 163 129 160 144 128 128 F:\毕业论文\SkinRetrieval0.3特征数组\pics\batch2\14.jpg
128 128 128 161 145 129 144 160 128 128 145 177 180 182 197 163 246 193 129 161 128 145 146 182 212 162 246 211 130 129 128 128 128 145 145 129 177 144 128 128 F:\毕业论文\SkinRetrieval0.3特征数组\pics\batch2\15.jpg
128 128 128 128 128 128 128 128 128 128 128 128 128 147 194 144 130 144 128 128 128 128 128 128 128 128 128 128 128 128 128 128 128 128 128 128 128 128 128 128 F:\毕业论文\SkinRetrieval0.3特征数组\pics\batch2\16.jpg
128 128 128 144 128 128 144 128 128 128 145 146 147 165 210 177 164 144 128 128 128 128 145 147 161 129 144 144 128 128 128 128 128 128 128 128 128 128 128 128 F:\毕业论文\SkinRetrieval0.3特征数组\pics\batch2\17.jpg
128 128 128 129 145 128 129 144 128 128 144 145 144 148 161 160 130 144 128 128 128 129 130 146 162 161 164 144 128 128 128 128 128 128 128 129 128 144 128 128 F:\毕业论文\SkinRetrieval0.3特征数组\pics\batch2\18.jpg
128 128 129 163 146 144 130 144 128 128 144 177 148 149 212 178 229 194 132 193 128 147 149 149 196 178 230 210 131 178 128 128 128 146 162 129 161 144 128 128 F:\毕业论文\SkinRetrieval0.3特征数组\pics\batch2\19.jpg
128 128 128 145 145 130 128 128 128 144 128 128 131 131 145 160 162 162 128 128 144 128 147 128 192 144 144 145 129 129 128 129 128 144 161 128 128 160 128 128 F:\毕业论文\SkinRetrieval0.3特征数组\pics\batch2\2.jpg
128 128 129 146 145 128 160 160 128 128 128 128 129 145 144 128 176 128 128 128 128 128 128 128 128 128 128 128 128 128 128 128 128 128 128 128 128 128 128 128 F:\毕业论文\SkinRetrieval0.3特征数组\pics\batch2\20.jpg
128 128 128 128 128 128 128 128 128 128 128 128 130 161 162 145 148 160 128 128 128 128 131 146 209 161 183 177 128 145 128 128 130 129 129 129 162 145 130 129 F:\毕业论文\SkinRetrieval0.3特征数组\pics\batch2\21.jpg
128 128 128 129 129 129 161 144 128 128 128 128 130 165 145 129 194 129 129 129 144 128 128 163 161 128 144 129 128 129 128 128 128 144 129 129 129 144 128 128 F:\毕业论文\SkinRetrieval0.3特征数组\pics\batch2\22.jpg
128 128 128 128 129 128 128 128 128 128 128 128 131 148 211 144 144 144 128 128 128 128 133 129 212 128 130 144 128 128 128 128 130 129 146 144 129 144 128 128 F:\毕业论文\SkinRetrieval0.3特征数组\pics\batch2\23.jpg
128 128 128 128 128 128 128 128 128 128 128 128 128 145 145 128 130 128 128 128 128 128 129 180 228 161 178 176 128 128 128 128 128 129 160 144 145 144 128 128 F:\毕业论文\SkinRetrieval0.3特征数组\pics\batch2\24.jpg
128 128 128 129 128 128 128 128 128 128 128 128 132 165 209 144 130 144 128 128 128 128 128 160 161 128 128 144 128 128 128 128 128 128 128 128 128 128 128 128 F:\毕业论文\SkinRetrieval0.3特征数组\pics\batch2\25.jpg
128 128 128 129 128 129 145 144 128 128 144 176 128 147 177 177 146 146 128 160 176 146 145 130 177 162 194 146 131 129 128 129 128 145 145 129 129 144 128 128 F:\毕业论文\SkinRetrieval0.3特征数组\pics\batch2\26.jpg
128 128 129 146 147 145 130 144 128 128 128 128 131 148 226 178 196 176 128 128 128 128 129 144 179 193 177 192 128 128 128 128 128 128 128 128 128 128 128 128 F:\毕业论文\SkinRetrieval0.3特征数组\pics\batch2\27.jpg
128 128 129 147 129 130 177 128 144 145 160 161 147 163 179 162 212 162 145 128 177 178 147 182 193 131 181 161 129 145 144 129 130 161 145 130 178 128 128 129 F:\毕业论文\SkinRetrieval0.3特征数组\pics\batch2\28.jpg
128 128 128 129 129 146 177 176 128 128 128 128 130 164 227 194 214 178 129 146 128 128 129 162 194 145 210 144 128 128 128 128 128 128 128 128 128 128 128 128 F:\毕业论文\SkinRetrieval0.3特征数组\pics\batch2\29.jpg
128 144 129 145 163 146 164 160 128 145 176 161 163 165 245 194 213 210 130 147 144 130 162 181 244 161 180 208 128 128 128 128 128 128 128 128 128 128 128 128 F:\毕业论文\SkinRetrieval0.3特征数组\pics\batch2\3.jpg
128 128 128 128 128 128 128 128 128 128 128 146 146 165 180 162 198 160 128 144 144 161 165 166 212 180 180 177 129 144 128 128 145 146 194 130 162 160 128 128 F:\毕业论文\SkinRetrieval0.3特征数组\pics\batch2\30.jpg
128 128 128 128 128 128 128 144 128 128 128 128 128 145 146 144 146 144 128 128 128 144 147 165 245 176 179 192 128 128 128 128 129 145 163 144 146 144 128 128 F:\毕业论文\SkinRetrieval0.3特征数组\pics\batch2\31.jpg
128 128 128 128 128 128 128 128 128 128 128 128 130 129 146 147 181 209 128 145 128 128 128 128 144 129 162 160 128 129 128 128 128 128 128 128 128 128 128 128 F:\毕业论文\SkinRetrieval0.3特征数组\pics\batch2\32.jpg
128 128 128 128 128 128 128 128 128 128 128 128 130 163 148 145 148 160 128 128 128 128 145 162 211 146 210 161 129 128 128 128 128 128 128 128 128 144 128 128 F:\毕业论文\SkinRetrieval0.3特征数组\pics\batch2\33.jpg
128 128 129 147 146 145 146 160 128 128 144 160 146 164 162 161 166 161 161 146 160 161 162 164 210 177 180 163 131 162 128 129 129 146 177 130 211 160 128 128 F:\毕业论文\SkinRetrieval0.3特征数组\pics\batch2\34.jpg
128 128 128 128 128 128 130 160 128 128 128 128 128 147 147 163 194 163 146 146 128 128 128 128 128 130 161 144 146 129 128 128 128 128 128 128 128 128 128 128 F:\毕业论文\SkinRetrieval0.3特征数组\pics\batch2\35.jpg
128 128 128 130 129 144 146 177 128 128 128 128 146 148 147 194 196 178 130 162 144 145 178 165 227 145 161 161 130 128 128 128 128 146 162 128 128 160 128 128 F:\毕业论文\SkinRetrieval0.3特征数组\pics\batch2\36.jpg
128 128 128 145 144 128 128 128 128 128 128 128 130 166 196 176 162 144 128 128 128 128 129 146 145 129 145 144 128 128 128 128 128 128 128 128 128 128 128 128 F:\毕业论文\SkinRetrieval0.3特征数组\pics\batch2\37.jpg
128 128 128 128 130 145 176 160 128 145 144 160 145 166 197 178 230 226 130 129 160 128 148 165 196 194 229 210 128 129 128 129 144 129 129 128 128 128 128 128 F:\毕业论文\SkinRetrieval0.3特征数组\pics\batch2\38.jpg
128 145 144 195 129 131 130 144 129 160 161 195 146 181 244 180 229 179 149 162 144 146 147 180 228 194 243 178 129 178 128 128 128 162 129 130 178 144 128 128 F:\毕业论文\SkinRetrieval0.3特征数组\pics\batch2\39.jpg
128 144 128 144 161 128 128 128 128 128 192 161 145 177 179 129 130 160 128 128 160 161 161 146 178 129 130 144 128 161 128 128 128 144 161 129 144 145 128 129 F:\毕业论文\SkinRetrieval0.3特征数组\pics\batch2\4.jpg
129 144 144 180 130 129 131 144 128 128 193 194 148 166 179 179 231 178 146 163 161 162 147 166 225 162 246 177 133 162 128 128 128 144 145 129 146 144 128 128 F:\毕业论文\SkinRetrieval0.3特征数组\pics\batch2\40.jpg
128 128 128 145 129 146 134 144 128 144 128 145 145 148 145 144 133 130 129 193 144 128 145 144 160 145 177 144 128 130 128 128 128 144 129 128 128 144 128 128 F:\毕业论文\SkinRetrieval0.3特征数组\pics\batch2\41.jpg
128 128 128 128 128 128 128 128 128 128 178 162 160 178 228 145 163 160 128 128 161 146 145 197 196 163 214 210 161 178 128 128 128 144 144 130 145 144 145 145 F:\毕业论文\SkinRetrieval0.3特征数组\pics\batch2\42.jpg
128 128 128 145 128 128 128 128 128 128 128 144 146 182 182 161 182 224 128 144 145 178 162 182 199 179 230 210 128 146 128 128 129 146 211 131 177 160 128 128 F:\毕业论文\SkinRetrieval0.3特征数组\pics\batch2\43.jpg
128 128 128 128 128 128 128 128 128 128 128 145 147 165 199 161 165 240 128 128 144 129 179 149 247 178 213 242 129 147 128 128 128 146 162 146 179 176 128 129 F:\毕业论文\SkinRetrieval0.3特征数组\pics\batch2\44.jpg
128 128 128 145 129 129 129 144 128 128 144 144 162 148 146 161 162 161 128 162 144 129 145 162 178 160 177 178 128 145 128 128 128 144 146 129 144 144 128 129 F:\毕业论文\SkinRetrieval0.3特征数组\pics\batch2\45.jpg
128 128 128 145 129 129 144 144 128 128 145 160 162 147 145 160 164 163 128 161 176 177 149 149 178 209 242 160 129 145 128 128 128 161 130 128 160 128 128 128 F:\毕业论文\SkinRetrieval0.3特征数组\pics\batch2\46.jpg
128 128 128 163 178 129 146 144 128 128 144 147 162 181 229 193 196 176 128 128 144 131 162 163 228 145 179 160 128 128 128 128 128 145 178 128 144 128 128 128 F:\毕业论文\SkinRetrieval0.3特征数组\pics\batch2\5.jpg
128 128 128 144 129 128 129 144 128 128 128 144 163 165 212 161 197 192 128 128 160 161 147 165 178 128 144 160 128 128 128 128 128 128 128 128 128 128 128 128 F:\毕业论文\SkinRetrieval0.3特征数组\pics\batch2\6.jpg
128 128 128 128 128 128 128 128 128 128 128 128 128 128 128 146 192 161 129 128 128 128 129 130 145 177 244 176 129 128 128 128 128 128 144 129 144 144 128 128 F:\毕业论文\SkinRetrieval0.3特征数组\pics\batch2\7.jpg
128 128 128 128 129 130 130 144 128 128 128 144 132 150 195 193 227 178 129 144 144 145 147 147 194 145 226 176 128 129 128 128 128 129 145 128 128 128 128 128 F:\毕业论文\SkinRetrieval0.3特征数组\pics\batch2\8.jpg
128 128 128 144 129 128 128 128 128 128 128 128 129 163 195 147 130 160 128 128 128 128 128 128 128 128 128 144 128 128 128 128 128 128 128 128 128 128 128 128 F:\毕业论文\SkinRetrieval0.3特征数组\pics\batch2\9.jpg
128 128 128 128 128 128 128 128 128 128 128 128 130 165 181 176 164 160 128 128 144 128 130 180 164 128 161 144 128 128 128 128 128 128 128 128 128 128 128 128 F:\毕业论文\SkinRetrieval0.3特征数组\pics\batch3\1.jpg
128 128 128 128 128 128 128 128 128 128 128 128 128 128 128 145 193 128 128 128 128 128 128 128 128 129 177 128 128 128 128 128 128 128 128 128 128 128 128 128 F:\毕业论文\SkinRetrieval0.3特征数组\pics\batch3\10.jpg
128 128 128 128 128 128 128 128 128 128 128 128 130 148 160 144 129 128 128 128 128 128 129 162 177 128 144 128 128 128 128 128 128 128 128 128 128 128 128 128 F:\毕业论文\SkinRetrieval0.3特征数组\pics\batch3\11.jpg
128 128 128 128 128 128 128 128 128 128 128 128 128 128 129 145 128 144 128 128 128 128 129 128 144 128 128 144 128 128 128 128 128 128 128 128 128 128 128 128 F:\毕业论文\SkinRetrieval0.3特征数组\pics\batch3\12.jpg
128 128 128 128 128 128 128 128 128 128 128 128 129 130 128 144 130 144 128 128 128 128 128 144 161 128 160 160 128 129 128 128 128 128 128 128 128 144 128 128 F:\毕业论文\SkinRetrieval0.3特征数组\pics\batch3\13.jpg
128 128 128 128 128 128 128 128 128 128 144 128 128 162 194 128 128 128 128 128 128 129 129 164 195 144 160 144 128 128 128 128 128 128 128 128 128 128 128 128 F:\毕业论文\SkinRetrieval0.3特征数组\pics\batch3\14.jpg
128 128 128 128 128 128 128 128 128 128 128 128 129 147 129 160 162 144 128 128 128 128 128 129 160 128 128 144 128 128 128 128 128 128 128 128 128 128 128 128 F:\毕业论文\SkinRetrieval0.3特征数组\pics\batch3\15.jpg
128 128 128 128 128 128 128 128 128 128 128 128 128 129 144 144 128 128 128 128 128 128 128 145 145 144 145 128 128 128 128 128 128 128 128 128 128 128 128 128 F:\毕业论文\SkinRetrieval0.3特征数组\pics\batch3\16.jpg
128 128 128 145 129 128 129 144 128 128 144 193 161 145 212 160 146 177 129 162 128 128 161 147 212 130 180 177 129 146 128 128 128 128 128 128 128 128 128 128 F:\毕业论文\SkinRetrieval0.3特征数组\pics\batch3\17.jpg
128 128 128 144 145 129 146 144 128 128 144 144 145 129 128 160 179 145 128 128 144 144 144 128 128 128 131 129 128 128 128 129 144 144 129 129 128 145 128 128 F:\毕业论文\SkinRetrieval0.3特征数组\pics\batch3\18.jpg
128 128 128 128 128 128 128 128 128 128 128 128 128 128 128 128 128 128 128 128 128 128 128 128 128 128 128 128 128 128 128 128 128 128 128 128 128 128 128 128 F:\毕业论文\SkinRetrieval0.3特征数组\pics\batch3\19.jpg
128 128 128 128 128 128 128 128 128 128 128 128 128 128 128 128 128 128 128 128 128 128 129 164 130 146 145 144 128 128 128 128 128 161 177 129 160 144 128 128 F:\毕业论文\SkinRetrieval0.3特征数组\pics\batch3\2.jpg
128 128 128 128 128 128 128 128 130 129 128 128 130 145 145 145 226 192 131 129 128 128 128 128 145 128 144 144 128 128 128 128 128 128 128 128 128 128 128 128 F:\毕业论文\SkinRetrieval0.3特征数组\pics\batch3\20.jpg
128 128 128 128 128 128 128 128 128 128 128 128 129 196 161 147 165 144 128 128 128 128 129 161 193 132 192 176 128 129 128 128 128 128 128 128 128 128 128 128 F:\毕业论文\SkinRetrieval0.3特征数组\pics\batch3\21.jpg
128 128 144 144 129 128 128 128 128 128 144 129 144 128 177 128 144 144 128 128 144 128 145 146 129 128 128 128 128 128 128 128 128 128 128 128 128 128 128 128 F:\毕业论文\SkinRetrieval0.3特征数组\pics\batch3\22.jpg
128 128 128 128 130 128 128 128 128 128 128 128 132 148 177 193 163 144 128 128 128 128 129 144 177 129 176 160 128 128 128 128 128 128 128 128 128 128 128 128 F:\毕业论文\SkinRetrieval0.3特征数组\pics\batch3\23.jpg
128 128 128 128 128 128 128 128 128 128 144 161 161 145 162 128 128 129 129 129 144 128 160 130 131 128 128 128 128 128 128 128 128 128 128 128 128 144 128 128 F:\毕业论文\SkinRetrieval0.3特征数组\pics\batch3\24.jpg
128 128 129 145 146 128 129 128 128 128 144 145 146 150 194 144 179 160 128 128 128 145 160 148 146 128 128 144 128 128 128 128 128 128 128 128 128 128 128 128 F:\毕业论文\SkinRetrieval0.3特征数组\pics\batch3\25.jpg
128 128 128 128 128 128 129 144 128 128 128 128 128 145 145 128 128 128 128 128 128 128 129 128 129 128 128 128 128 128 128 128 129 130 145 128 128 128 128 128 F:\毕业论文\SkinRetrieval0.3特征数组\pics\batch3\26.jpg
128 128 128 144 144 128 128 128 128 128 128 128 132 164 194 176 162 160 128 128 128 128 129 145 161 128 144 128 128 128 128 128 128 128 128 128 128 128 128 128 F:\毕业论文\SkinRetrieval0.3特征数组\pics\batch3\27.jpg
128 128 129 129 178 128 128 128 128 128 128 128 131 146 194 160 133 160 128 128 128 128 130 129 194 208 149 144 128 128 128 128 129 128 129 161 177 144 128 128 F:\毕业论文\SkinRetrieval0.3特征数组\pics\batch3\28.jpg
128 128 128 128 128 128 128 128 128 128 128 128 128 144 144 128 128 128 128 128 128 128 129 145 128 128 128 128 128 128 128 128 128 128 128 128 128 128 128 128 F:\毕业论文\SkinRetrieval0.3特征数组\pics\batch3\29.jpg
128 128 144 145 144 128 129 144 128 128 128 129 129 129 160 147 178 160 128 128 144 128 128 161 146 129 161 160 128 128 128 128 128 128 128 128 128 128 128 128 F:\毕业论文\SkinRetrieval0.3特征数组\pics\batch3\3.jpg
128 128 128 128 128 128 128 128 128 128 128 128 129 163 146 128 145 128 128 128 128 128 128 128 128 128 128 128 128 128 128 128 128 128 128 128 128 128 128 128 F:\毕业论文\SkinRetrieval0.3特征数组\pics\batch3\30.jpg
128 128 128 128 130 128 128 128 128 128 128 128 131 148 177 192 134 128 128 128 128 128 128 128 209 130 208 144 128 128 128 128 128 128 128 128 128 128 128 128 F:\毕业论文\SkinRetrieval0.3特征数组\pics\batch3\31.jpg
128 128 128 128 128 128 128 128 128 128 128 128 130 148 177 177 164 160 128 128 129 145 144 176 145 144 128 128 128 128 128 128 128 128 128 128 128 128 128 128 F:\毕业论文\SkinRetrieval0.3特征数组\pics\batch3\32.jpg
128 128 128 128 128 128 128 128 128 128 128 128 128 146 129 128 130 144 128 128 128 128 129 161 161 144 160 144 128 128 128 128 128 128 128 128 128 128 128 128 F:\毕业论文\SkinRetrieval0.3特征数组\pics\batch3\33.jpg
128 128 128 128 128 128 128 128 128 128 128 128 130 132 129 178 131 160 128 128 128 128 129 144 161 146 176 144 128 128 128 128 128 128 128 128 128 128 128 128 F:\毕业论文\SkinRetrieval0.3特征数组\pics\batch3\34.jpg
128 128 128 128 128 128 128 128 128 128 128 128 130 163 225 144 132 144 128 128 128 128 128 160 176 144 160 144 128 128 128 128 128 128 128 128 128 128 128 128 F:\毕业论文\SkinRetrieval0.3特征数组\pics\batch3\35.jpg
128 128 129 146 145 129 129 160 128 128 160 160 145 164 196 146 163 177 128 162 128 129 129 163 196 161 213 177 132 129 128 128 128 128 160 130 146 160 129 129 F:\毕业论文\SkinRetrieval0.3特征数组\pics\batch3\36.jpg
128 128 128 128 128 128 128 128 128 128 128 128 128 144 129 128 129 144 128 128 144 144 144 128 144 160 144 128 128 128 128 128 144 145 129 128 128 144 128 128 F:\毕业论文\SkinRetrieval0.3特征数组\pics\batch3\37.jpg
128 128 128 129 128 130 146 128 128 128 128 128 130 146 145 163 211 161 129 128 128 128 128 128 128 128 128 128 128 128 128 128 128 128 128 128 128 128 128 128 F:\毕业论文\SkinRetrieval0.3特征数组\pics\batch3\38.jpg
128 128 128 144 128 128 128 128 128 128 144 128 144 147 144 129 131 128 128 128 128 128 144 176 176 145 176 144 128 128 128 128 128 128 128 128 128 128 128 128 F:\毕业论文\SkinRetrieval0.3特征数组\pics\batch3\39.jpg
128 128 128 128 128 128 128 128 128 128 128 128 129 147 194 144 145 144 128 128 128 128 128 128 144 128 128 128 128 128 128 128 128 128 128 128 128 128 128 128 F:\毕业论文\SkinRetrieval0.3特征数组\pics\batch3\4.jpg
128 128 128 128 128 128 128 128 128 128 128 128 128 128 128 128 128 128 128 128 128 128 128 128 128 128 128 128 128 128 128 128 128 128 128 128 128 128 128 128 F:\毕业论文\SkinRetrieval0.3特征数组\pics\batch3\40.jpg
128 128 128 128 128 128 128 128 128 128 128 128 128 129 144 144 145 144 128 128 128 128 128 128 128 128 128 128 128 128 128 128 128 128 128 128 128 128 128 128 F:\毕业论文\SkinRetrieval0.3特征数组\pics\batch3\41.jpg
128 128 128 130 130 130 162 160 128 128 144 161 163 149 212 176 196 195 128 128 160 162 162 150 211 130 224 177 128 129 128 128 128 144 128 128 128 128 128 128 F:\毕业论文\SkinRetrieval0.3特征数组\pics\batch3\42.jpg
128 128 128 128 128 128 128 128 128 128 128 128 130 150 161 193 180 144 128 128 128 128 128 144 145 128 144 128 128 128 128 128 128 128 128 128 128 128 128 128 F:\毕业论文\SkinRetrieval0.3特征数组\pics\batch3\5.jpg
128 128 128 129 129 129 144 160 128 128 128 128 130 128 163 160 179 192 128 128 128 128 131 132 163 177 179 208 128 128 128 128 129 144 145 145 145 160 128 128 F:\毕业论文\SkinRetrieval0.3特征数组\pics\batch3\6.jpg
128 128 128 128 128 129 129 128 128 128 128 128 129 132 129 145 132 129 128 129 144 128 145 145 160 130 209 144 128 129 128 128 128 144 129 128 144 144 128 128 F:\毕业论文\SkinRetrieval0.3特征数组\pics\batch3\7.jpg
128 128 128 128 128 128 128 128 128 128 128 128 128 128 128 146 196 160 128 128 128 128 128 128 128 131 209 160 129 129 128 128 128 128 128 128 128 128 128 128 F:\毕业论文\SkinRetrieval0.3特征数组\pics\batch3\8.jpg
128 128 128 128 128 128 128 128 128 128 128 128 131 147 179 144 146 144 128 128 128 128 128 144 161 128 128 128 128 128 128 128 128 128 128 128 128 128 128 128 F:\毕业论文\SkinRetrieval0.3特征数组\pics\batch3\9.jpg
128 128 128 144 129 128 128 128 128 128 128 160 147 181 213 163 215 192 128 144 128 128 146 179 243 163 245 210 129 129 128 128 128 128 128 129 128 128 128 128 F:\毕业论文\SkinRetrieval0.3特征数组\pics\batch4\1.jpg
128 128 128 128 128 128 129 128 128 128 128 128 128 129 145 145 177 160 128 128 144 128 129 146 162 144 128 144 128 128 128 128 128 128 128 128 128 128 128 128 F:\毕业论文\SkinRetrieval0.3特征数组\pics\batch4\10.jpg
128 128 128 144 128 128 128 128 128 128 144 144 161 182 181 160 194 176 128 128 128 128 145 149 166 161 209 192 128 128 128 128 128 128 128 128 128 128 128 128 F:\毕业论文\SkinRetrieval0.3特征数组\pics\batch4\11.jpg
128 128 128 128 128 128 128 128 128 128 144 128 129 165 179 161 179 176 128 128 128 128 130 147 196 161 192 176 128 128 128 128 128 128 128 128 128 128 128 128 F:\毕业论文\SkinRetrieval0.3特征数组\pics\batch4\12.jpg
128 128 128 144 128 128 128 128 128 128 145 144 163 150 180 147 166 208 129 144 144 130 146 161 227 162 212 194 129 129 128 128 128 145 128 128 128 128 128 128 F:\毕业论文\SkinRetrieval0.3特征数组\pics\batch4\13.jpg
128 128 128 144 145 128 128 128 128 128 192 193 163 181 214 160 133 192 128 145 176 148 163 164 246 161 212 208 128 129 128 128 129 161 178 128 144 144 128 128 F:\毕业论文\SkinRetrieval0.3特征数组\pics\batch4\14.jpg
128 128 128 145 128 128 129 128 128 128 128 128 131 147 167 146 228 208 128 129 128 128 131 148 228 146 195 241 128 129 128 128 128 144 161 129 144 144 128 128 F:\毕业论文\SkinRetrieval0.3特征数组\pics\batch4\15.jpg
128 144 128 147 194 145 146 160 128 129 160 160 146 162 226 164 196 161 162 177 160 146 145 145 160 144 128 130 128 144 128 130 128 144 128 129 128 128 129 129 F:\毕业论文\SkinRetrieval0.3特征数组\pics\batch4\16.jpg
128 128 128 130 146 128 130 128 128 128 160 176 146 181 229 193 166 209 128 130 192 130 163 129 227 178 181 226 130 146 128 128 144 176 210 146 194 160 128 128 F:\毕业论文\SkinRetrieval0.3特征数组\pics\batch4\17.jpg
128 128 128 128 128 128 128 128 128 128 128 128 128 128 128 128 128 128 128 128 128 128 129 128 161 128 128 128 128 128 128 128 128 128 128 128 128 128 128 128 F:\毕业论文\SkinRetrieval0.3特征数组\pics\batch4\18.jpg
128 128 128 128 128 128 146 144 128 146 128 128 128 128 128 145 179 164 162 162 144 128 128 128 146 128 128 128 128 129 128 128 128 128 129 128 128 128 128 128 F:\毕业论文\SkinRetrieval0.3特征数组\pics\batch4\19.jpg
128 128 128 128 128 128 128 128 128 128 128 128 129 147 148 161 150 176 128 128 128 145 164 134 181 176 164 193 128 128 128 129 144 163 179 145 160 160 128 128 F:\毕业论文\SkinRetrieval0.3特征数组\pics\batch4\2.jpg
128 128 128 128 128 128 128 128 128 128 128 128 128 128 128 129 145 145 128 145 128 128 128 128 128 128 162 161 129 129 128 128 128 128 128 128 128 128 128 128 F:\毕业论文\SkinRetrieval0.3特征数组\pics\batch4\20.jpg
128 128 128 128 128 128 128 128 128 128 128 128 145 179 195 130 134 160 128 128 161 164 162 181 228 178 244 192 128 129 128 128 128 177 178 130 177 160 128 128 F:\毕业论文\SkinRetrieval0.3特征数组\pics\batch4\21.jpg
128 128 128 129 129 130 144 144 128 129 128 129 145 148 147 144 196 194 129 144 144 144 146 147 178 161 194 177 130 130 128 128 128 144 146 129 160 144 128 128 F:\毕业论文\SkinRetrieval0.3特征数组\pics\batch4\22.jpg
128 128 128 128 128 128 128 128 128 128 128 128 129 147 129 129 130 144 128 128 128 128 129 162 161 144 148 160 128 129 128 128 128 128 128 128 144 144 128 128 F:\毕业论文\SkinRetrieval0.3特征数组\pics\batch4\23.jpg
128 128 128 128 129 128 128 144 128 128 128 128 131 148 181 178 181 176 128 128 144 146 162 147 212 178 162 192 128 128 128 128 128 145 160 128 128 128 128 128 F:\毕业论文\SkinRetrieval0.3特征数组\pics\batch4\24.jpg
128 128 144 162 131 130 145 160 128 128 161 146 177 181 215 164 196 225 145 179 160 162 162 166 229 179 213 226 147 148 128 128 128 145 162 146 129 144 129 129 F:\毕业论文\SkinRetrieval0.3特征数组\pics\batch4\25.jpg
128 128 128 129 129 129 145 144 128 128 128 128 130 181 182 178 181 209 128 129 144 128 131 148 214 162 243 177 130 129 128 128 128 144 128 129 160 128 128 128 F:\毕业论文\SkinRetrieval0.3特征数组\pics\batch4\26.jpg
128 128 128 128 128 128 128 128 128 128 161 161 161 194 195 163 197 160 128 161 128 147 145 180 227 179 214 193 129 129 128 128 128 128 144 129 128 128 128 128 F:\毕业论文\SkinRetrieval0.3特征数组\pics\batch4\27.jpg
129 144 145 162 177 128 130 144 128 128 161 178 165 165 181 161 164 160 128 128 144 131 163 196 229 145 197 176 128 128 128 128 128 128 128 128 128 128 128 128 F:\毕业论文\SkinRetrieval0.3特征数组\pics\batch4\28.jpg
128 128 128 145 145 128 129 128 128 128 145 177 162 164 229 145 162 160 128 128 144 179 146 148 195 144 176 176 128 128 128 128 128 129 129 128 128 128 128 128 F:\毕业论文\SkinRetrieval0.3特征数组\pics\batch4\29.jpg
128 144 144 148 145 145 160 160 128 144 176 176 147 148 146 177 210 194 131 146 144 144 146 166 162 178 194 193 146 161 128 129 129 146 145 129 176 144 128 128 F:\毕业论文\SkinRetrieval0.3特征数组\pics\batch4\3.jpg
128 128 128 144 129 131 129 144 128 128 144 144 145 164 147 161 163 177 145 162 160 147 146 130 162 162 211 177 145 130 128 129 128 144 177 128 161 144 128 128 F:\毕业论文\SkinRetrieval0.3特征数组\pics\batch4\30.jpg
128 160 144 162 177 129 145 144 128 128 161 193 144 163 130 131 193 145 179 161 146 131 144 179 177 130 145 145 162 162 128 128 128 128 128 129 144 128 128 128 F:\毕业论文\SkinRetrieval0.3特征数组\pics\batch4\31.jpg
128 144 129 164 146 129 132 160 128 128 176 179 164 165 245 193 166 208 128 128 160 148 146 180 213 178 209 192 128 128 128 128 128 146 178 128 128 128 128 128 F:\毕业论文\SkinRetrieval0.3特征数组\pics\batch4\32.jpg
128 128 128 128 128 128 128 128 128 128 144 145 146 164 198 161 180 192 128 128 144 145 162 164 215 193 209 224 128 128 128 128 129 160 210 145 192 144 128 128 F:\毕业论文\SkinRetrieval0.3特征数组\pics\batch4\33.jpg
128 128 128 162 146 129 129 144 128 128 145 177 161 196 195 147 167 161 128 162 145 146 160 196 177 132 180 145 161 178 128 128 128 144 130 129 129 144 130 129 F:\毕业论文\SkinRetrieval0.3特征数组\pics\batch4\34.jpg
128 128 145 147 162 147 164 177 130 177 176 177 162 196 229 195 214 194 148 163 160 162 161 181 212 162 228 224 130 145 128 128 144 145 162 128 145 144 128 128 F:\毕业论文\SkinRetrieval0.3特征数组\pics\batch4\35.jpg
128 160 144 164 148 144 145 160 128 128 144 147 162 196 180 164 197 225 128 162 128 130 129 146 210 178 212 177 146 163 128 128 128 128 145 129 160 144 128 128 F:\毕业论文\SkinRetrieval0.3特征数组\pics\batch4\36.jpg
128 128 128 128 128 128 128 128 128 128 128 128 130 147 178 145 178 176 128 128 128 128 130 129 194 177 161 144 128 128 128 128 128 128 145 129 176 144 128 128 F:\毕业论文\SkinRetrieval0.3特征数组\pics\batch4\37.jpg
128 128 128 128 128 128 128 128 128 128 128 128 129 147 146 163 149 160 128 144 160 128 128 128 176 162 178 147 129 128 128 128 128 177 193 130 208 144 128 128 F:\毕业论文\SkinRetrieval0.3特征数组\pics\batch4\38.jpg
128 144 129 148 163 145 163 176 128 129 160 147 165 165 214 194 231 194 130 195 144 130 148 166 230 194 214 228 148 162 128 128 128 128 144 129 177 160 128 128 F:\毕业论文\SkinRetrieval0.3特征数组\pics\batch4\39.jpg
128 128 128 128 128 128 128 128 128 128 128 128 129 164 195 195 199 179 147 162 128 128 148 181 228 162 230 209 129 130 128 128 128 145 161 145 177 176 128 128 F:\毕业论文\SkinRetrieval0.3特征数组\pics\batch4\4.jpg
128 128 129 145 177 129 147 144 128 128 144 161 179 165 214 162 229 194 144 161 128 131 146 162 214 147 180 193 129 129 128 128 128 128 128 129 144 128 128 128 F:\毕业论文\SkinRetrieval0.3特征数组\pics\batch4\40.jpg
128 128 128 128 128 128 128 128 128 128 128 192 130 182 164 194 165 176 128 128 160 146 163 149 213 177 225 176 128 128 128 128 129 161 194 144 160 128 128 128 F:\毕业论文\SkinRetrieval0.3特征数组\pics\batch4\41.jpg
128 128 128 144 144 128 128 144 128 128 128 144 146 164 178 161 182 193 129 145 160 130 148 146 210 195 180 177 128 129 128 128 128 144 129 129 176 144 128 128 F:\毕业论文\SkinRetrieval0.3特征数组\pics\batch4\42.jpg
128 128 129 145 130 128 131 128 128 128 144 177 163 166 198 194 198 208 128 128 128 146 145 165 199 161 210 208 128 128 128 128 128 144 129 128 128 128 128 128 F:\毕业论文\SkinRetrieval0.3特征数组\pics\batch4\43.jpg
128 144 144 145 146 129 129 144 128 128 145 177 177 180 197 130 166 177 128 178 177 161 163 149 213 177 194 192 130 129 128 128 145 162 162 128 160 144 128 128 F:\毕业论文\SkinRetrieval0.3特征数组\pics\batch4\44.jpg
128 128 128 145 129 128 129 144 128 128 160 176 131 166 196 161 198 177 128 145 160 148 129 178 194 162 210 144 128 129 128 128 128 128 161 128 128 160 128 128 F:\毕业论文\SkinRetrieval0.3特征数组\pics\batch4\45.jpg
128 128 128 128 128 128 128 128 128 128 144 144 146 163 194 144 146 128 128 128 144 162 145 147 130 144 128 128 128 128 128 128 128 128 129 128 128 128 128 128 F:\毕业论文\SkinRetrieval0.3特征数组\pics\batch4\46.jpg
128 128 128 128 128 128 128 128 129 144 128 128 128 128 128 128 128 128 128 128 128 128 128 128 128 128 128 128 128 128 128 128 128 128 128 128 128 128 128 128 F:\毕业论文\SkinRetrieval0.3特征数组\pics\batch4\47.jpg
128 128 128 129 129 129 131 160 128 128 128 144 145 180 196 147 166 193 129 129 145 161 177 149 163 145 178 160 128 128 128 129 128 161 145 128 128 128 128 128 F:\毕业论文\SkinRetrieval0.3特征数组\pics\batch4\48.jpg
128 128 145 163 179 129 148 144 128 128 177 211 164 148 199 195 182 225 128 129 145 146 195 166 229 195 198 210 128 145 144 144 130 162 164 146 178 176 128 128 F:\毕业论文\SkinRetrieval0.3特征数组\pics\batch4\49.jpg
128 128 128 144 129 128 128 144 128 128 160 193 147 165 211 161 178 161 128 129 144 145 146 167 210 161 196 145 129 145 128 128 128 128 129 128 128 128 128 128 F:\毕业论文\SkinRetrieval0.3特征数组\pics\batch4\5.jpg
128 128 128 146 145 131 162 128 128 160 144 161 144 132 146 129 180 162 129 146 144 162 162 132 178 145 178 178 130 145 128 128 129 128 146 130 144 144 130 129 F:\毕业论文\SkinRetrieval0.3特征数组\pics\batch4\50.jpg
129 144 128 160 129 128 128 128 128 128 177 129 128 129 176 144 131 160 128 128 144 128 128 177 210 160 209 144 128 128 128 128 128 128 128 128 128 128 128 128 F:\毕业论文\SkinRetrieval0.3特征数组\pics\batch4\51.jpg
128 128 128 128 128 128 128 128 128 128 128 128 129 163 180 131 165 176 128 129 128 128 129 179 194 146 212 176 128 129 128 128 128 128 128 128 128 128 128 128 F:\毕业论文\SkinRetrieval0.3特征数组\pics\batch4\52.jpg
128 128 128 145 146 128 129 128 128 128 160 145 163 164 178 177 164 192 128 128 128 128 130 163 211 193 210 176 128 128 128 128 128 128 128 128 128 128 128 128 F:\毕业论文\SkinRetrieval0.3特征数组\pics\batch4\53.jpg
128 128 128 128 128 129 160 144 128 129 160 144 146 165 145 129 178 146 146 145 160 162 162 164 179 145 210 145 146 130 128 128 128 128 128 128 128 128 128 128 F:\毕业论文\SkinRetrieval0.3特征数组\pics\batch4\54.jpg
128 128 128 161 144 129 129 144 128 128 144 161 146 149 176 177 213 145 128 145 128 129 145 162 177 128 178 160 128 128 128 128 128 128 128 128 128 128 128 128 F:\毕业论文\SkinRetrieval0.3特征数组\pics\batch4\55.jpg
128 128 128 130 144 128 128 128 128 128 128 128 131 164 197 180 227 193 144 177 128 128 148 182 196 146 179 163 131 129 128 128 129 145 177 130 161 144 130 129 F:\毕业论文\SkinRetrieval0.3特征数组\pics\batch4\56.jpg
128 128 128 128 128 128 128 128 128 128 128 128 130 165 144 163 197 163 129 161 128 128 129 160 178 132 176 145 131 129 128 128 128 128 128 128 128 128 128 128 F:\毕业论文\SkinRetrieval0.3特征数组\pics\batch4\57.jpg
128 128 128 128 128 128 128 128 128 128 128 128 128 128 128 128 128 128 128 128 128 128 128 128 128 128 128 128 128 128 128 128 128 128 128 128 128 128 128 128 F:\毕业论文\SkinRetrieval0.3特征数组\pics\batch4\58.jpg
128 128 128 128 129 129 129 144 128 128 128 128 128 145 145 176 146 128 128 129 128 128 145 146 176 160 161 144 128 129 128 128 128 144 128 129 128 144 128 128 F:\毕业论文\SkinRetrieval0.3特征数组\pics\batch4\59.jpg
128 144 129 162 145 129 162 144 129 144 176 177 162 148 161 162 195 161 131 129 144 130 144 147 209 161 180 144 129 128 128 128 128 145 145 128 144 128 128 128 F:\毕业论文\SkinRetrieval0.3特征数组\pics\batch4\6.jpg
128 128 128 128 128 128 128 128 128 128 128 128 131 165 179 178 196 192 128 128 128 128 128 160 177 128 176 144 128 128 128 128 128 128 128 128 128 128 128 128 F:\毕业论文\SkinRetrieval0.3特征数组\pics\batch4\60.jpg
128 128 128 128 128 128 128 128 128 128 144 145 161 182 214 147 150 192 128 144 177 148 179 164 231 178 180 241 128 146 128 129 145 178 164 130 178 176 128 128 F:\毕业论文\SkinRetrieval0.3特征数组\pics\batch4\61.jpg
128 144 144 178 145 145 146 144 128 128 160 147 146 147 193 210 229 193 128 161 128 128 145 163 242 179 230 194 130 146 128 128 128 144 177 130 211 144 128 128 F:\毕业论文\SkinRetrieval0.3特征数组\pics\batch4\62.jpg
128 128 128 128 128 128 128 128 128 128 128 128 128 128 128 128 128 128 128 128 129 161 161 146 162 128 128 128 128 128 129 130 145 128 129 128 128 128 128 128 F:\毕业论文\SkinRetrieval0.3特征数组\pics\batch4\63.jpg
128 128 128 128 128 128 128 128 128 128 128 128 128 128 129 144 144 144 129 146 128 128 128 128 146 144 225 162 129 145 128 128 128 128 128 145 177 160 128 129 F:\毕业论文\SkinRetrieval0.3特征数组\pics\batch4\64.jpg
128 128 128 128 128 128 128 128 128 128 128 177 161 161 213 144 133 176 128 128 160 130 162 166 212 176 177 192 128 128 128 128 128 144 178 128 128 128 128 128 F:\毕业论文\SkinRetrieval0.3特征数组\pics\batch4\65.jpg
128 128 128 128 128 129 129 144 128 128 128 128 131 147 163 128 145 145 128 145 145 194 149 166 227 177 213 177 129 128 128 128 130 178 147 145 193 144 128 128 F:\毕业论文\SkinRetrieval0.3特征数组\pics\batch4\66.jpg
128 128 128 129 128 128 128 144 128 128 128 128 131 149 209 194 182 160 128 128 128 128 132 163 195 178 225 161 128 128 128 128 128 144 146 128 128 144 128 128 F:\毕业论文\SkinRetrieval0.3特征数组\pics\batch4\67.jpg
128 128 130 147 131 129 131 160 128 128 144 192 164 183 213 179 231 208 130 161 160 146 179 182 230 178 244 210 128 161 128 128 129 147 179 162 178 160 128 128 F:\毕业论文\SkinRetrieval0.3特征数组\pics\batch4\68.jpg
128 128 128 128 128 128 128 128 128 128 128 128 128 128 129 129 128 144 128 129 128 128 128 128 145 128 128 129 128 129 128 128 128 128 128 128 160 144 128 128 F:\毕业论文\SkinRetrieval0.3特征数组\pics\batch4\69.jpg
128 128 128 146 162 144 145 144 128 128 144 129 145 166 211 160 160 144 128 128 128 128 128 128 128 130 224 146 130 161 128 128 128 128 128 131 161 144 145 145 F:\毕业论文\SkinRetrieval0.3特征数组\pics\batch4\7.jpg
128 128 130 147 130 162 194 160 128 129 128 160 163 149 213 161 230 210 147 195 194 177 147 162 228 178 214 211 147 147 144 148 145 161 163 129 162 144 130 145 F:\毕业论文\SkinRetrieval0.3特征数组\pics\batch4\70.jpg
128 128 128 144 129 130 128 128 128 128 128 128 133 150 178 161 149 146 128 225 128 128 130 149 227 161 211 148 133 128 128 128 128 128 128 130 177 144 145 128 F:\毕业论文\SkinRetrieval0.3特征数组\pics\batch4\71.jpg
128 128 128 129 129 129 128 128 128 128 128 144 149 149 178 161 230 162 129 145 176 179 164 150 226 131 194 161 131 161 128 129 129 145 144 129 128 144 128 128 F:\毕业论文\SkinRetrieval0.3特征数组\pics\batch4\72.jpg
128 128 128 128 128 128 128 128 128 128 144 160 146 165 212 162 228 209 128 162 128 146 163 182 197 164 227 228 147 162 128 128 128 128 161 130 161 160 132 145 F:\毕业论文\SkinRetrieval0.3特征数组\pics\batch4\73.jpg
128 128 128 128 128 128 128 128 128 128 144 145 146 163 211 128 130 161 128 128 160 146 145 162 161 128 160 145 128 129 128 128 128 145 144 128 128 144 128 128 F:\毕业论文\SkinRetrieval0.3特征数组\pics\batch4\74.jpg
128 128 128 144 128 128 128 128 128 128 144 128 144 128 144 144 129 144 128 161 144 128 144 128 128 128 144 130 128 128 128 128 128 144 144 129 144 128 129 129 F:\毕业论文\SkinRetrieval0.3特征数组\pics\batch4\75.jpg
128 128 128 163 146 146 161 160 128 128 176 144 147 166 244 194 212 210 130 161 160 145 163 181 229 194 228 192 128 129 128 128 129 177 194 144 177 176 128 128 F:\毕业论文\SkinRetrieval0.3特征数组\pics\batch4\76.jpg
128 128 128 128 128 128 128 128 128 128 128 145 144 163 148 130 147 176 128 128 161 197 146 181 227 196 213 192 129 145 128 128 128 144 192 130 160 144 128 128 F:\毕业论文\SkinRetrieval0.3特征数组\pics\batch4\77.jpg
128 128 128 144 128 128 128 128 128 128 128 128 131 164 161 162 147 176 128 128 144 162 146 146 224 176 226 144 128 128 128 129 128 145 162 129 177 144 128 128 F:\毕业论文\SkinRetrieval0.3特征数组\pics\batch4\78.jpg
128 144 145 147 144 146 146 144 128 128 176 144 146 149 177 162 148 130 146 146 160 130 145 180 193 162 210 146 133 146 128 128 128 146 161 130 208 144 128 129 F:\毕业论文\SkinRetrieval0.3特征数组\pics\batch4\79.jpg
128 128 128 128 128 128 128 128 128 128 129 144 144 145 194 128 129 144 128 128 161 130 145 147 177 161 131 160 128 128 128 128 128 144 128 128 128 128 128 128 F:\毕业论文\SkinRetrieval0.3特征数组\pics\batch4\8.jpg
128 128 128 128 128 128 128 128 128 128 128 128 130 150 147 161 135 144 128 128 144 161 147 145 228 161 241 145 128 128 128 128 128 146 176 129 128 144 128 128 F:\毕业论文\SkinRetrieval0.3特征数组\pics\batch4\80.jpg
128 128 128 128 128 128 128 128 128 128 128 128 128 146 146 162 180 193 148 146 128 128 130 164 163 178 231 210 146 162 128 128 128 128 144 130 145 144 128 129 F:\毕业论文\SkinRetrieval0.3特征数组\pics\batch4\81.jpg
128 144 128 128 128 128 128 128 128 128 144 144 145 128 145 128 128 128 128 128 128 128 144 129 129 128 128 128 128 128 128 128 128 128 128 128 128 128 128 128 F:\毕业论文\SkinRetrieval0.3特征数组\pics\batch4\82.jpg
128 128 128 128 128 128 128 128 128 128 145 146 178 164 230 128 144 144 128 128 128 129 144 162 148 128 128 128 128 128 128 128 160 128 128 128 128 128 128 128 F:\毕业论文\SkinRetrieval0.3特征数组\pics\batch4\83.jpg
128 128 128 146 129 128 130 144 128 128 128 128 134 134 194 192 135 160 128 129 128 128 130 130 243 192 209 160 128 129 128 128 128 128 144 129 145 128 128 128 F:\毕业论文\SkinRetrieval0.3特征数组\pics\batch4\9.jpg
