140 96 130 128 128 128 128 128 130 160 224 128 130 160 128 128 128 128 128 128 128 128 160 F:\毕业论文\SkinRetrieval0.3特征数组\pics\batch1\1.jpg
136 98 134 226 32 128 128 128 128 128 128 128 130 160 128 128 160 F:\毕业论文\SkinRetrieval0.3特征数组\pics\batch1\10.jpg
134 96 128 160 224 128 128 128 128 128 128 128 128 160 F:\毕业论文\SkinRetrieval0.3特征数组\pics\batch1\11.jpg
140 102 168 128 160 128 128 128 130 128 224 128 130 160 F:\毕业论文\SkinRetrieval0.3特征数组\pics\batch1\12.jpg
134 96 128 196 6 198 128 128 128 128 128 128 130 160 128 128 162 130 128 128 128 128 128 128 130 128 F:\毕业论文\SkinRetrieval0.3特征数组\pics\batch1\13.jpg
134 96 130 194 230 132 128 160 128 128 128 128 130 160 128 128 160 130 128 128 128 128 128 128 130 128 F:\毕业论文\SkinRetrieval0.3特征数组\pics\batch1\14.jpg
138 96 128 128 128 128 128 130 132 160 224 128 132 160 128 128 128 128 128 128 130 128 160 128 130 128 128 128 128 128 128 128 128 128 128 128 130 128 F:\毕业论文\SkinRetrieval0.3特征数组\pics\batch1\15.jpg
136 96 128 128 128 128 128 128 132 194 32 128 130 160 128 128 128 128 128 128 128 128 160 F:\毕业论文\SkinRetrieval0.3特征数组\pics\batch1\16.jpg
138 96 128 128 128 128 128 162 138 128 224 128 130 160 128 128 128 128 128 128 128 128 128 128 128 160 F:\毕业论文\SkinRetrieval0.3特征数组\pics\batch1\2.jpg
136 96 128 128 128 128 128 128 128 160 192 128 132 160 128 128 128 128 128 128 128 128 160 128 130 128 128 128 128 128 128 128 128 128 128 128 130 128 128 128 128 128 128 128 128 128 128 128 130 128 F:\毕业论文\SkinRetrieval0.3特征数组\pics\batch1\3.jpg
134 96 130 162 0 128 128 128 128 128 128 128 128 160 128 160 160 128 128 128 128 128 128 128 128 128 128 128 160 128 128 128 128 128 128 128 128 128 128 128 160 F:\毕业论文\SkinRetrieval0.3特征数组\pics\batch1\4.jpg
162 96 128 234 0 128 128 128 128 128 128 128 130 160 128 162 192 128 128 128 128 128 128 128 128 128 128 162 160 128 128 128 128 128 128 128 128 128 128 128 160 F:\毕业论文\SkinRetrieval0.3特征数组\pics\batch1\5.jpg
132 96 128 226 224 128 128 128 128 128 128 128 132 128 128 192 192 128 128 128 128 128 128 128 130 128 128 160 160 128 128 128 128 128 128 128 130 128 128 160 160 128 128 128 128 128 128 128 128 128 128 160 160 128 128 128 128 128 128 128 128 128 128 160 160 F:\毕业论文\SkinRetrieval0.3特征数组\pics\batch1\6.jpg
130 96 132 202 32 128 128 128 128 128 128 128 128 160 128 128 160 128 128 128 128 128 128 128 128 160 128 128 160 F:\毕业论文\SkinRetrieval0.3特征数组\pics\batch1\7.jpg
138 96 128 192 194 128 128 128 128 128 160 128 132 160 128 128 160 128 128 128 128 128 160 128 130 128 128 128 128 128 128 128 128 128 128 128 130 128 F:\毕业论文\SkinRetrieval0.3特征数组\pics\batch1\8.jpg
138 96 130 162 32 128 128 128 128 128 160 128 130 160 128 128 160 F:\毕业论文\SkinRetrieval0.3特征数组\pics\batch1\9.jpg
134 96 130 160 224 128 128 128 128 128 128 128 128 160 128 128 160 F:\毕业论文\SkinRetrieval0.3特征数组\pics\batch2\1.jpg
128 96 130 128 192 F:\毕业论文\SkinRetrieval0.3特征数组\pics\batch2\10.jpg
130 96 130 128 F:\毕业论文\SkinRetrieval0.3特征数组\pics\batch2\11.jpg
128 98 164 230 0 128 128 128 128 128 128 128 128 128 128 128 160 F:\毕业论文\SkinRetrieval0.3特征数组\pics\batch2\12.jpg
132 102 198 128 160 128 128 128 128 128 128 128 128 128 130 128 F:\毕业论文\SkinRetrieval0.3特征数组\pics\batch2\13.jpg
132 108 230 192 160 128 128 128 128 128 128 128 128 130 130 128 F:\毕业论文\SkinRetrieval0.3特征数组\pics\batch2\14.jpg
134 102 234 228 0 128 128 128 128 128 128 128 128 160 130 128 160 F:\毕业论文\SkinRetrieval0.3特征数组\pics\batch2\15.jpg
128 96 128 128 192 F:\毕业论文\SkinRetrieval0.3特征数组\pics\batch2\16.jpg
128 98 166 162 64 128 128 128 128 128 128 128 128 160 F:\毕业论文\SkinRetrieval0.3特征数组\pics\batch2\17.jpg
136 96 132 128 32 130 128 128 128 128 128 128 128 160 F:\毕业论文\SkinRetrieval0.3特征数组\pics\batch2\18.jpg
140 100 138 128 160 128 128 128 128 128 128 130 130 160 130 128 128 128 128 128 128 128 128 128 130 128 F:\毕业论文\SkinRetrieval0.3特征数组\pics\batch2\19.jpg
142 98 132 128 128 128 128 128 128 160 34 132 130 160 128 128 128 128 128 128 128 128 128 128 128 160 F:\毕业论文\SkinRetrieval0.3特征数组\pics\batch2\2.jpg
130 96 128 160 224 128 128 128 128 128 128 128 128 160 128 128 160 F:\毕业论文\SkinRetrieval0.3特征数组\pics\batch2\20.jpg
130 100 164 228 32 128 128 128 128 128 128 128 128 128 128 128 160 F:\毕业论文\SkinRetrieval0.3特征数组\pics\batch2\21.jpg
128 100 166 38 32 128 128 128 128 128 128 128 128 128 128 128 160 128 128 128 128 128 128 128 128 128 128 128 160 F:\毕业论文\SkinRetrieval0.3特征数组\pics\batch2\22.jpg
134 96 130 128 128 128 128 128 128 128 192 130 128 160 128 128 128 128 128 128 128 128 128 128 128 160 F:\毕业论文\SkinRetrieval0.3特征数组\pics\batch2\23.jpg
128 100 166 194 192 F:\毕业论文\SkinRetrieval0.3特征数组\pics\batch2\24.jpg
128 96 132 162 224 F:\毕业论文\SkinRetrieval0.3特征数组\pics\batch2\25.jpg
138 96 130 128 224 134 128 160 128 128 128 128 130 160 128 128 128 128 128 128 128 128 128 128 128 160 F:\毕业论文\SkinRetrieval0.3特征数组\pics\batch2\26.jpg
132 102 166 192 192 128 128 128 128 128 128 128 128 128 130 128 F:\毕业论文\SkinRetrieval0.3特征数组\pics\batch2\27.jpg
132 100 202 228 96 128 128 128 128 128 128 128 128 160 128 128 160 F:\毕业论文\SkinRetrieval0.3特征数组\pics\batch2\28.jpg
128 96 130 228 64 128 128 128 128 128 128 128 128 160 128 128 160 F:\毕业论文\SkinRetrieval0.3特征数组\pics\batch2\29.jpg
140 96 128 128 128 128 128 128 128 224 32 130 130 160 128 128 128 128 128 128 128 128 128 128 130 128 F:\毕业论文\SkinRetrieval0.3特征数组\pics\batch2\3.jpg
128 106 234 162 224 128 128 128 128 128 128 128 128 160 130 128 F:\毕业论文\SkinRetrieval0.3特征数组\pics\batch2\30.jpg
128 96 128 230 0 128 128 128 128 128 128 128 128 160 128 128 160 128 128 128 128 128 128 128 128 128 128 128 160 F:\毕业论文\SkinRetrieval0.3特征数组\pics\batch2\31.jpg
132 96 130 128 192 128 128 128 128 128 128 128 128 160 F:\毕业论文\SkinRetrieval0.3特征数组\pics\batch2\32.jpg
132 96 134 192 0 128 128 128 128 128 128 128 128 160 128 128 160 F:\毕业论文\SkinRetrieval0.3特征数组\pics\batch2\33.jpg
134 96 132 194 96 128 128 128 128 128 128 128 128 160 128 128 160 128 128 128 128 128 128 128 128 160 F:\毕业论文\SkinRetrieval0.3特征数组\pics\batch2\34.jpg
128 96 128 230 32 128 128 128 128 128 128 128 128 128 128 128 160 F:\毕业论文\SkinRetrieval0.3特征数组\pics\batch2\35.jpg
128 98 166 40 96 128 128 128 128 128 128 128 128 160 128 128 160 F:\毕业论文\SkinRetrieval0.3特征数组\pics\batch2\36.jpg
130 98 130 194 224 128 128 128 128 128 128 128 128 128 128 128 160 F:\毕业论文\SkinRetrieval0.3特征数组\pics\batch2\37.jpg
134 102 166 34 0 128 128 128 128 128 128 128 130 160 128 128 160 F:\毕业论文\SkinRetrieval0.3特征数组\pics\batch2\38.jpg
140 96 128 128 128 128 128 134 168 226 32 128 130 160 F:\毕业论文\SkinRetrieval0.3特征数组\pics\batch2\39.jpg
136 96 134 128 192 128 128 128 128 128 128 130 128 160 F:\毕业论文\SkinRetrieval0.3特征数组\pics\batch2\4.jpg
138 96 128 128 128 128 128 132 168 226 32 128 130 160 128 128 128 128 128 128 128 128 160 F:\毕业论文\SkinRetrieval0.3特征数组\pics\batch2\40.jpg
140 96 138 128 128 128 128 128 128 128 160 134 130 160 F:\毕业论文\SkinRetrieval0.3特征数组\pics\batch2\41.jpg
136 96 130 128 128 128 128 128 128 192 32 130 130 160 128 128 128 128 128 128 128 128 160 F:\毕业论文\SkinRetrieval0.3特征数组\pics\batch2\42.jpg
134 98 130 226 224 128 128 128 128 128 128 128 132 130 128 192 160 128 128 128 128 128 128 128 130 128 128 160 128 128 128 128 128 128 128 128 130 128 128 160 128 128 128 128 128 128 128 128 128 128 128 128 128 128 128 128 128 128 128 128 130 128 F:\毕业论文\SkinRetrieval0.3特征数组\pics\batch2\43.jpg
130 98 128 4 192 128 128 128 128 128 128 128 130 130 128 192 160 128 128 128 128 128 128 128 130 128 128 160 160 128 128 128 128 128 128 128 130 128 128 160 160 128 128 128 128 128 128 128 128 128 128 160 160 128 128 128 128 128 128 128 130 128 128 160 160 128 128 128 128 128 128 128 128 128 128 160 128 128 128 128 128 128 128 128 128 128 128 160 F:\毕业论文\SkinRetrieval0.3特征数组\pics\batch2\44.jpg
142 96 130 128 128 128 128 128 128 128 224 130 130 160 F:\毕业论文\SkinRetrieval0.3特征数组\pics\batch2\45.jpg
142 96 128 128 128 128 128 128 128 0 32 128 130 160 128 128 128 128 128 128 128 128 128 128 130 128 F:\毕业论文\SkinRetrieval0.3特征数组\pics\batch2\46.jpg
138 100 132 128 128 128 128 128 128 192 2 130 130 160 128 128 128 128 128 128 128 128 160 128 130 128 F:\毕业论文\SkinRetrieval0.3特征数组\pics\batch2\5.jpg
130 102 200 194 224 128 128 128 128 128 128 128 128 160 130 128 F:\毕业论文\SkinRetrieval0.3特征数组\pics\batch2\6.jpg
134 96 128 128 128 128 128 128 130 160 224 F:\毕业论文\SkinRetrieval0.3特征数组\pics\batch2\7.jpg
140 98 132 160 160 128 128 128 128 160 224 128 130 160 F:\毕业论文\SkinRetrieval0.3特征数组\pics\batch2\8.jpg
134 96 128 128 128 128 128 128 130 128 192 F:\毕业论文\SkinRetrieval0.3特征数组\pics\batch2\9.jpg
132 100 132 192 192 F:\毕业论文\SkinRetrieval0.3特征数组\pics\batch3\1.jpg
128 96 128 162 192 F:\毕业论文\SkinRetrieval0.3特征数组\pics\batch3\10.jpg
128 96 128 160 224 F:\毕业论文\SkinRetrieval0.3特征数组\pics\batch3\11.jpg
128 96 128 162 224 F:\毕业论文\SkinRetrieval0.3特征数组\pics\batch3\12.jpg
128 96 130 128 224 F:\毕业论文\SkinRetrieval0.3特征数组\pics\batch3\13.jpg
128 96 132 162 224 128 128 128 128 128 128 128 128 128 128 128 160 F:\毕业论文\SkinRetrieval0.3特征数组\pics\batch3\14.jpg
128 96 132 128 192 F:\毕业论文\SkinRetrieval0.3特征数组\pics\batch3\15.jpg
128 96 128 162 224 F:\毕业论文\SkinRetrieval0.3特征数组\pics\batch3\16.jpg
136 96 128 2 64 130 128 128 128 128 128 128 128 160 128 128 160 F:\毕业论文\SkinRetrieval0.3特征数组\pics\batch3\17.jpg
130 98 164 230 96 128 128 128 128 128 128 128 128 160 128 128 160 F:\毕业论文\SkinRetrieval0.3特征数组\pics\batch3\18.jpg
128 96 F:\毕业论文\SkinRetrieval0.3特征数组\pics\batch3\19.jpg
128 96 132 196 224 128 128 128 128 128 128 128 128 128 128 128 160 F:\毕业论文\SkinRetrieval0.3特征数组\pics\batch3\2.jpg
130 96 132 162 224 128 128 128 128 128 128 128 128 160 128 128 160 F:\毕业论文\SkinRetrieval0.3特征数组\pics\batch3\20.jpg
128 96 128 228 32 128 128 128 128 128 128 128 128 160 128 128 160 F:\毕业论文\SkinRetrieval0.3特征数组\pics\batch3\21.jpg
132 96 130 160 32 128 128 128 128 128 128 128 128 160 128 128 160 F:\毕业论文\SkinRetrieval0.3特征数组\pics\batch3\22.jpg
134 100 132 192 224 F:\毕业论文\SkinRetrieval0.3特征数组\pics\batch3\23.jpg
130 98 130 128 192 128 128 128 128 128 128 128 128 160 F:\毕业论文\SkinRetrieval0.3特征数组\pics\batch3\24.jpg
134 96 128 226 0 128 128 128 128 128 128 128 128 128 128 128 160 F:\毕业论文\SkinRetrieval0.3特征数组\pics\batch3\25.jpg
128 96 128 162 160 F:\毕业论文\SkinRetrieval0.3特征数组\pics\batch3\26.jpg
130 96 128 226 224 128 128 128 128 128 128 128 128 128 128 128 160 F:\毕业论文\SkinRetrieval0.3特征数组\pics\batch3\27.jpg
134 104 168 160 160 128 128 128 128 128 128 128 128 160 F:\毕业论文\SkinRetrieval0.3特征数组\pics\batch3\28.jpg
130 96 128 128 192 F:\毕业论文\SkinRetrieval0.3特征数组\pics\batch3\29.jpg
132 96 128 4 66 130 128 128 128 128 128 128 128 160 128 128 160 F:\毕业论文\SkinRetrieval0.3特征数组\pics\batch3\3.jpg
128 96 128 160 192 F:\毕业论文\SkinRetrieval0.3特征数组\pics\batch3\30.jpg
134 96 128 160 224 128 128 128 130 128 128 128 128 160 F:\毕业论文\SkinRetrieval0.3特征数组\pics\batch3\31.jpg
128 102 232 128 128 128 128 128 128 128 128 128 128 160 130 128 F:\毕业论文\SkinRetrieval0.3特征数组\pics\batch3\32.jpg
128 96 128 160 192 F:\毕业论文\SkinRetrieval0.3特征数组\pics\batch3\33.jpg
132 96 130 194 224 F:\毕业论文\SkinRetrieval0.3特征数组\pics\batch3\34.jpg
132 96 128 224 192 F:\毕业论文\SkinRetrieval0.3特征数组\pics\batch3\35.jpg
138 96 130 226 64 128 128 128 130 128 128 128 128 160 128 128 160 F:\毕业论文\SkinRetrieval0.3特征数组\pics\batch3\36.jpg
128 96 130 230 32 128 128 128 128 128 128 128 128 160 128 128 160 F:\毕业论文\SkinRetrieval0.3特征数组\pics\batch3\37.jpg
130 102 166 160 F:\毕业论文\SkinRetrieval0.3特征数组\pics\batch3\38.jpg
134 96 128 34 0 F:\毕业论文\SkinRetrieval0.3特征数组\pics\batch3\39.jpg
128 98 130 128 F:\毕业论文\SkinRetrieval0.3特征数组\pics\batch3\4.jpg
128 96 F:\毕业论文\SkinRetrieval0.3特征数组\pics\batch3\40.jpg
128 96 128 128 160 F:\毕业论文\SkinRetrieval0.3特征数组\pics\batch3\41.jpg
132 102 200 226 0 128 128 128 128 128 128 128 128 160 128 128 160 F:\毕业论文\SkinRetrieval0.3特征数组\pics\batch3\42.jpg
130 96 130 194 192 F:\毕业论文\SkinRetrieval0.3特征数组\pics\batch3\5.jpg
134 96 128 160 32 128 128 128 128 128 128 128 128 160 F:\毕业论文\SkinRetrieval0.3特征数组\pics\batch3\6.jpg
140 98 132 0 226 130 128 128 128 128 128 128 130 160 F:\毕业论文\SkinRetrieval0.3特征数组\pics\batch3\7.jpg
130 96 130 192 192 F:\毕业论文\SkinRetrieval0.3特征数组\pics\batch3\8.jpg
132 96 130 128 192 F:\毕业论文\SkinRetrieval0.3特征数组\pics\batch3\9.jpg
138 96 128 226 224 128 128 128 128 128 128 128 128 160 128 128 160 F:\毕业论文\SkinRetrieval0.3特征数组\pics\batch4\1.jpg
128 96 128 230 64 128 128 128 128 128 128 128 128 160 128 128 160 F:\毕业论文\SkinRetrieval0.3特征数组\pics\batch4\10.jpg
138 96 128 128 128 128 128 128 130 160 224 128 130 160 F:\毕业论文\SkinRetrieval0.3特征数组\pics\batch4\11.jpg
138 96 128 128 128 128 128 130 130 192 224 128 130 160 F:\毕业论文\SkinRetrieval0.3特征数组\pics\batch4\12.jpg
142 98 132 160 160 128 128 128 128 160 192 130 130 160 F:\毕业论文\SkinRetrieval0.3特征数组\pics\batch4\13.jpg
236 96 128 128 128 128 128 132 130 160 160 128 132 128 128 128 128 128 128 128 128 128 128 128 130 128 128 128 128 128 128 128 128 128 128 128 130 128 F:\毕业论文\SkinRetrieval0.3特征数组\pics\batch4\14.jpg
136 96 128 192 4 134 128 128 128 128 128 128 128 160 128 128 160 F:\毕业论文\SkinRetrieval0.3特征数组\pics\batch4\15.jpg
140 96 128 128 128 128 128 128 134 160 32 128 128 160 F:\毕业论文\SkinRetrieval0.3特征数组\pics\batch4\16.jpg
140 102 132 160 192 128 128 128 128 128 224 128 130 160 128 128 128 128 128 128 128 128 128 128 130 128 F:\毕业论文\SkinRetrieval0.3特征数组\pics\batch4\17.jpg
128 96 128 160 160 F:\毕业论文\SkinRetrieval0.3特征数组\pics\batch4\18.jpg
134 96 132 128 0 128 128 128 128 128 128 128 128 160 F:\毕业论文\SkinRetrieval0.3特征数组\pics\batch4\19.jpg
134 96 132 128 0 128 128 128 128 128 128 128 128 160 F:\毕业论文\SkinRetrieval0.3特征数组\pics\batch4\2.jpg
130 96 128 160 192 F:\毕业论文\SkinRetrieval0.3特征数组\pics\batch4\20.jpg
138 98 132 192 224 128 128 128 128 128 128 128 130 160 F:\毕业论文\SkinRetrieval0.3特征数组\pics\batch4\21.jpg
142 96 128 128 128 128 128 128 128 192 192 128 130 160 128 128 128 128 128 128 128 128 128 128 130 128 F:\毕业论文\SkinRetrieval0.3特征数组\pics\batch4\22.jpg
136 96 128 192 224 128 128 128 128 128 128 128 130 160 F:\毕业论文\SkinRetrieval0.3特征数组\pics\batch4\23.jpg
140 96 128 160 226 134 128 160 128 128 128 128 130 160 F:\毕业论文\SkinRetrieval0.3特征数组\pics\batch4\24.jpg
140 96 128 160 160 128 128 128 128 160 32 128 132 160 128 128 128 128 128 128 128 128 160 128 130 128 F:\毕业论文\SkinRetrieval0.3特征数组\pics\batch4\25.jpg
140 96 128 128 128 128 128 128 128 160 224 128 130 160 128 128 128 128 128 128 128 128 128 128 130 128 F:\毕业论文\SkinRetrieval0.3特征数组\pics\batch4\26.jpg
140 96 128 128 128 128 128 128 128 192 0 128 130 128 F:\毕业论文\SkinRetrieval0.3特征数组\pics\batch4\27.jpg
140 96 128 128 128 128 128 130 134 128 192 128 130 160 F:\毕业论文\SkinRetrieval0.3特征数组\pics\batch4\28.jpg
142 96 128 128 160 128 128 128 132 128 192 128 130 160 F:\毕业论文\SkinRetrieval0.3特征数组\pics\batch4\29.jpg
142 96 132 160 0 128 128 128 128 128 128 128 130 160 128 128 128 128 128 128 128 128 128 128 128 160 F:\毕业论文\SkinRetrieval0.3特征数组\pics\batch4\3.jpg
140 96 130 128 160 128 128 128 128 128 32 128 130 160 128 128 128 128 128 128 128 128 128 128 128 160 F:\毕业论文\SkinRetrieval0.3特征数组\pics\batch4\30.jpg
142 96 134 128 160 128 128 128 128 128 128 130 130 160 F:\毕业论文\SkinRetrieval0.3特征数组\pics\batch4\31.jpg
140 100 134 224 192 128 128 128 128 128 128 128 128 160 128 128 160 F:\毕业论文\SkinRetrieval0.3特征数组\pics\batch4\32.jpg
138 96 128 128 128 128 128 128 128 128 0 128 130 160 128 128 128 128 128 128 128 128 160 128 130 160 F:\毕业论文\SkinRetrieval0.3特征数组\pics\batch4\33.jpg
142 98 132 128 128 128 128 128 128 32 0 128 130 160 F:\毕业论文\SkinRetrieval0.3特征数组\pics\batch4\34.jpg
140 96 128 128 128 128 128 128 128 160 64 128 130 160 128 128 128 128 128 128 128 128 128 128 128 160 F:\毕业论文\SkinRetrieval0.3特征数组\pics\batch4\35.jpg
142 96 128 128 192 134 128 192 130 128 128 128 130 160 128 128 128 128 128 128 128 128 128 128 128 160 F:\毕业论文\SkinRetrieval0.3特征数组\pics\batch4\36.jpg
136 96 128 128 160 128 128 128 128 128 192 128 128 160 128 128 128 128 128 128 128 128 128 128 128 160 F:\毕业论文\SkinRetrieval0.3特征数组\pics\batch4\37.jpg
138 96 132 160 224 128 128 128 128 128 128 128 130 160 F:\毕业论文\SkinRetrieval0.3特征数组\pics\batch4\38.jpg
142 96 128 128 128 128 128 132 130 160 192 128 134 160 128 128 128 128 128 128 128 128 128 128 132 128 128 128 128 128 128 128 128 128 128 128 130 128 F:\毕业论文\SkinRetrieval0.3特征数组\pics\batch4\39.jpg
232 102 166 32 192 128 128 128 128 128 128 128 128 128 130 128 F:\毕业论文\SkinRetrieval0.3特征数组\pics\batch4\4.jpg
142 96 128 160 160 128 128 128 128 128 128 128 130 160 128 128 128 128 128 128 128 128 128 128 130 128 F:\毕业论文\SkinRetrieval0.3特征数组\pics\batch4\40.jpg
138 96 128 128 128 128 128 128 132 128 224 128 130 160 128 128 128 128 128 128 128 128 128 128 130 128 F:\毕业论文\SkinRetrieval0.3特征数组\pics\batch4\41.jpg
140 98 134 194 0 128 128 128 128 128 128 128 128 160 128 128 160 F:\毕业论文\SkinRetrieval0.3特征数组\pics\batch4\42.jpg
134 98 130 4 32 128 128 128 128 128 128 128 128 160 128 128 160 F:\毕业论文\SkinRetrieval0.3特征数组\pics\batch4\43.jpg
142 96 128 160 224 132 128 224 132 128 128 128 130 160 F:\毕业论文\SkinRetrieval0.3特征数组\pics\batch4\44.jpg
140 96 130 224 0 128 128 128 128 128 128 128 128 160 128 128 160 F:\毕业论文\SkinRetrieval0.3特征数组\pics\batch4\45.jpg
138 96 128 192 192 130 128 128 128 128 128 128 130 160 F:\毕业论文\SkinRetrieval0.3特征数组\pics\batch4\46.jpg
128 96 F:\毕业论文\SkinRetrieval0.3特征数组\pics\batch4\47.jpg
140 100 132 224 224 128 128 128 128 128 128 128 130 160 F:\毕业论文\SkinRetrieval0.3特征数组\pics\batch4\48.jpg
140 96 128 128 128 128 128 128 128 192 32 128 132 160 128 128 128 128 128 128 128 128 160 128 130 160 128 128 128 128 128 128 128 128 160 F:\毕业论文\SkinRetrieval0.3特征数组\pics\batch4\49.jpg
140 96 130 224 64 130 128 128 128 128 128 128 128 160 128 128 160 F:\毕业论文\SkinRetrieval0.3特征数组\pics\batch4\5.jpg
140 100 138 192 0 128 128 128 128 128 128 128 130 160 128 128 160 128 128 128 128 128 128 128 128 160 F:\毕业论文\SkinRetrieval0.3特征数组\pics\batch4\50.jpg
136 96 128 128 128 128 128 132 136 160 224 128 130 160 F:\毕业论文\SkinRetrieval0.3特征数组\pics\batch4\51.jpg
128 96 130 228 32 128 128 128 128 128 128 128 128 128 128 128 160 F:\毕业论文\SkinRetrieval0.3特征数组\pics\batch4\52.jpg
134 98 132 2 0 128 128 128 128 128 128 128 128 160 F:\毕业论文\SkinRetrieval0.3特征数组\pics\batch4\53.jpg
134 96 132 162 96 128 128 128 128 128 128 128 128 160 128 128 160 F:\毕业论文\SkinRetrieval0.3特征数组\pics\batch4\54.jpg
130 98 130 40 64 128 128 128 128 128 128 128 128 128 128 128 160 F:\毕业论文\SkinRetrieval0.3特征数组\pics\batch4\55.jpg
132 96 128 196 64 130 128 128 128 128 128 128 128 160 128 160 192 128 128 128 128 128 128 128 128 128 128 128 160 128 128 128 128 128 128 128 128 128 128 128 160 F:\毕业论文\SkinRetrieval0.3特征数组\pics\batch4\56.jpg
132 98 130 226 0 F:\毕业论文\SkinRetrieval0.3特征数组\pics\batch4\57.jpg
128 96 F:\毕业论文\SkinRetrieval0.3特征数组\pics\batch4\58.jpg
128 98 130 38 64 128 128 128 128 128 128 128 128 160 128 128 160 F:\毕业论文\SkinRetrieval0.3特征数组\pics\batch4\59.jpg
142 96 130 192 32 132 128 128 128 128 128 128 130 160 128 128 160 F:\毕业论文\SkinRetrieval0.3特征数组\pics\batch4\6.jpg
132 96 128 194 0 128 128 128 128 128 128 128 128 128 128 128 160 F:\毕业论文\SkinRetrieval0.3特征数组\pics\batch4\60.jpg
134 96 128 128 32 132 128 128 128 128 128 128 130 192 128 128 192 128 128 128 128 128 128 128 128 160 128 128 160 128 128 128 128 128 128 128 128 128 128 128 160 F:\毕业论文\SkinRetrieval0.3特征数组\pics\batch4\61.jpg
140 96 132 128 0 128 128 128 128 128 128 128 130 160 F:\毕业论文\SkinRetrieval0.3特征数组\pics\batch4\62.jpg
134 96 128 128 160 130 128 128 128 128 128 128 128 160 F:\毕业论文\SkinRetrieval0.3特征数组\pics\batch4\63.jpg
130 100 132 4 224 128 128 128 128 128 128 128 128 160 F:\毕业论文\SkinRetrieval0.3特征数组\pics\batch4\64.jpg
130 96 128 194 32 128 128 128 128 128 128 128 128 160 128 128 160 F:\毕业论文\SkinRetrieval0.3特征数组\pics\batch4\65.jpg
132 96 128 4 64 128 128 128 128 128 128 128 128 160 128 128 160 128 128 128 128 128 128 128 128 128 128 128 160 F:\毕业论文\SkinRetrieval0.3特征数组\pics\batch4\66.jpg
204 96 128 224 160 128 128 128 128 128 128 128 130 128 F:\毕业论文\SkinRetrieval0.3特征数组\pics\batch4\67.jpg
138 98 132 226 64 128 128 128 128 128 128 128 130 160 128 128 160 128 128 128 128 128 128 128 130 160 128 128 160 F:\毕业论文\SkinRetrieval0.3特征数组\pics\batch4\68.jpg
128 98 130 6 64 128 128 128 128 128 128 128 128 128 128 128 160 F:\毕业论文\SkinRetrieval0.3特征数组\pics\batch4\69.jpg
138 96 128 128 128 128 128 130 130 192 192 128 130 160 F:\毕业论文\SkinRetrieval0.3特征数组\pics\batch4\7.jpg
130 96 128 230 96 128 128 128 128 128 128 128 128 160 128 128 160 128 128 128 128 128 128 128 128 128 128 128 160 F:\毕业论文\SkinRetrieval0.3特征数组\pics\batch4\70.jpg
140 96 132 160 224 128 128 128 128 128 160 128 130 160 F:\毕业论文\SkinRetrieval0.3特征数组\pics\batch4\71.jpg
140 102 134 224 192 128 128 128 128 128 128 128 130 160 F:\毕业论文\SkinRetrieval0.3特征数组\pics\batch4\72.jpg
136 96 128 192 66 130 128 128 128 128 128 128 130 160 128 128 160 128 128 128 128 128 128 128 130 128 128 128 160 F:\毕业论文\SkinRetrieval0.3特征数组\pics\batch4\73.jpg
128 96 128 72 64 128 128 128 128 128 128 128 128 128 128 128 160 F:\毕业论文\SkinRetrieval0.3特征数组\pics\batch4\74.jpg
130 96 136 162 96 128 128 128 128 128 128 128 128 160 F:\毕业论文\SkinRetrieval0.3特征数组\pics\batch4\75.jpg
138 98 134 194 64 128 128 128 128 128 128 128 130 160 128 128 160 F:\毕业论文\SkinRetrieval0.3特征数组\pics\batch4\76.jpg
134 96 128 128 0 130 128 128 128 128 128 128 132 160 128 128 160 128 128 128 128 128 128 128 130 128 128 128 128 128 128 128 128 128 128 128 130 128 F:\毕业论文\SkinRetrieval0.3特征数组\pics\batch4\77.jpg
128 98 164 40 64 128 128 128 128 128 128 128 128 128 128 128 160 F:\毕业论文\SkinRetrieval0.3特征数组\pics\batch4\78.jpg
140 96 128 0 64 130 128 128 128 128 128 128 128 160 128 128 160 F:\毕业论文\SkinRetrieval0.3特征数组\pics\batch4\79.jpg
130 96 128 228 32 128 128 128 128 128 128 128 128 160 128 128 160 F:\毕业论文\SkinRetrieval0.3特征数组\pics\batch4\8.jpg
134 96 132 226 0 128 128 128 128 128 128 128 128 160 128 128 160 F:\毕业论文\SkinRetrieval0.3特征数组\pics\batch4\80.jpg
138 96 128 128 128 128 128 160 132 128 160 128 130 160 128 128 128 128 128 128 128 128 128 128 130 128 F:\毕业论文\SkinRetrieval0.3特征数组\pics\batch4\81.jpg
134 96 132 128 128 128 128 128 128 128 128 130 128 F:\毕业论文\SkinRetrieval0.3特征数组\pics\batch4\82.jpg
134 96 128 128 128 128 128 132 132 128 160 128 130 160 F:\毕业论文\SkinRetrieval0.3特征数组\pics\batch4\83.jpg
132 96 128 4 64 128 128 128 128 128 128 128 128 160 128 128 160 F:\毕业论文\SkinRetrieval0.3特征数组\pics\batch4\9.jpg
