0 0 0 0 0 27 4 0 0 2 127 0 0 0 0 0 0 0 0 0 0 10 3 0 0 1 12 0 0 0 0 0 0 0 0 0 0 0 0 0 0 0 0 0 0 0 0 0 0 0 0 0 0 0 0 0 0 0 0 0 0 0 0 0 F:\毕业论文\SkinRetrieval0.3特征数组\pics\batch1\1.jpg
0 0 0 0 0 0 1 0 0 1 127 0 0 0 0 0 0 0 0 0 0 0 0 0 0 0 38 0 0 0 0 0 0 0 0 0 0 0 0 0 0 0 5 0 0 0 0 0 0 0 0 0 0 0 0 0 0 0 0 0 0 0 0 0 F:\毕业论文\SkinRetrieval0.3特征数组\pics\batch1\10.jpg
0 0 0 0 0 0 0 0 0 0 127 0 0 0 0 0 0 0 0 0 0 0 0 0 0 0 12 0 0 0 0 0 0 0 0 0 0 0 0 0 0 0 2 0 0 0 0 0 0 0 0 0 0 0 0 0 0 0 0 0 0 0 0 0 F:\毕业论文\SkinRetrieval0.3特征数组\pics\batch1\11.jpg
0 0 0 0 0 22 4 0 0 2 127 0 0 0 0 0 0 0 0 0 0 10 16 0 0 0 40 0 0 0 0 0 0 0 0 0 0 0 0 0 0 0 0 0 0 0 0 0 0 0 0 0 0 0 0 0 0 0 0 0 0 0 0 0 F:\毕业论文\SkinRetrieval0.3特征数组\pics\batch1\12.jpg
0 0 0 0 0 0 2 0 0 2 127 0 0 0 0 0 0 0 0 0 0 0 0 0 0 1 33 0 0 0 0 0 0 0 0 0 0 0 0 0 0 3 13 0 0 0 0 0 0 0 0 0 0 0 0 0 0 0 0 0 0 0 0 0 F:\毕业论文\SkinRetrieval0.3特征数组\pics\batch1\13.jpg
0 0 0 0 0 1 2 0 0 2 127 0 0 0 0 0 0 0 0 0 0 1 0 0 0 6 17 0 0 0 0 0 0 0 0 0 0 0 0 0 0 2 7 0 0 0 0 0 0 0 0 0 0 0 0 0 0 0 0 0 0 0 0 0 F:\毕业论文\SkinRetrieval0.3特征数组\pics\batch1\14.jpg
0 0 0 0 0 9 2 0 0 2 127 0 0 0 0 0 0 0 0 0 0 30 0 0 0 2 0 0 0 0 0 0 0 0 0 0 0 3 0 0 0 0 0 0 0 0 0 0 0 0 0 0 0 0 0 0 0 0 0 0 0 0 0 0 F:\毕业论文\SkinRetrieval0.3特征数组\pics\batch1\15.jpg
0 0 0 0 0 17 3 0 0 1 127 0 0 0 0 0 0 0 0 0 0 20 1 0 0 0 1 0 0 0 0 0 0 0 0 0 0 1 0 0 0 0 0 0 0 0 0 0 0 0 0 0 0 0 0 0 0 0 0 0 0 0 0 0 F:\毕业论文\SkinRetrieval0.3特征数组\pics\batch1\16.jpg
0 0 0 0 0 54 2 0 0 5 127 0 0 0 0 0 0 0 0 0 0 24 0 0 0 11 1 0 0 0 0 0 0 0 0 0 0 0 0 0 0 0 0 0 0 0 0 0 0 0 0 0 0 0 0 0 0 0 0 0 0 0 0 0 F:\毕业论文\SkinRetrieval0.3特征数组\pics\batch1\2.jpg
0 0 0 0 0 2 3 0 0 1 127 0 0 0 0 0 0 0 0 0 0 19 4 0 0 0 1 0 0 0 0 0 0 0 0 0 0 5 0 0 0 0 0 0 0 0 0 0 0 0 0 0 0 0 0 0 0 0 0 0 0 0 0 0 F:\毕业论文\SkinRetrieval0.3特征数组\pics\batch1\3.jpg
0 0 0 0 0 1 2 0 0 2 127 0 0 0 0 0 0 0 0 0 0 0 0 0 0 0 9 0 0 0 0 0 0 0 0 0 0 0 0 0 0 0 1 0 0 0 0 0 0 0 0 0 0 0 0 0 0 0 0 0 0 0 0 0 F:\毕业论文\SkinRetrieval0.3特征数组\pics\batch1\4.jpg
0 0 0 0 0 1 4 0 0 2 127 0 0 0 0 0 0 0 0 0 0 0 0 0 0 0 42 0 0 0 0 0 0 0 0 0 0 0 0 0 0 0 18 0 0 0 0 0 0 0 0 0 0 0 0 0 0 0 3 0 0 0 0 0 F:\毕业论文\SkinRetrieval0.3特征数组\pics\batch1\5.jpg
0 0 0 0 0 0 3 0 0 2 127 0 0 0 0 0 0 0 0 0 0 0 0 0 0 0 24 0 0 0 0 0 0 0 0 0 0 0 0 0 0 0 23 0 0 0 0 0 0 0 0 0 0 0 0 0 0 0 3 0 0 0 0 0 F:\毕业论文\SkinRetrieval0.3特征数组\pics\batch1\6.jpg
0 0 0 0 0 1 3 0 0 2 127 0 0 0 0 0 0 0 0 0 0 0 0 0 0 0 40 0 0 0 0 0 0 0 0 0 0 0 0 0 0 0 7 0 0 0 0 0 0 0 0 0 0 0 0 0 0 0 0 0 0 0 0 0 F:\毕业论文\SkinRetrieval0.3特征数组\pics\batch1\7.jpg
0 0 0 0 0 7 5 0 0 3 127 0 0 0 0 0 0 0 0 0 0 5 1 0 0 0 11 0 0 0 0 0 0 0 0 0 0 7 0 0 0 2 13 0 0 0 0 0 0 0 0 0 0 0 0 0 0 0 0 0 0 0 0 0 F:\毕业论文\SkinRetrieval0.3特征数组\pics\batch1\8.jpg
0 0 0 0 0 4 3 0 0 3 127 0 0 0 0 0 0 0 0 0 0 0 0 0 0 0 12 0 0 0 0 0 0 0 0 0 0 0 0 0 0 0 0 0 0 0 0 0 0 0 0 0 0 0 0 0 0 0 0 0 0 0 0 0 F:\毕业论文\SkinRetrieval0.3特征数组\pics\batch1\9.jpg
0 0 0 0 0 0 1 0 0 1 127 0 0 0 0 0 0 0 0 0 0 0 0 0 0 0 15 0 0 0 0 0 0 0 0 0 0 0 0 0 0 0 0 0 0 0 0 0 0 0 0 0 0 0 0 0 0 0 0 0 0 0 0 0 F:\毕业论文\SkinRetrieval0.3特征数组\pics\batch2\1.jpg
0 0 0 0 0 0 0 0 0 0 127 0 0 0 0 0 0 0 0 0 0 0 0 0 0 0 1 0 0 0 0 0 0 0 0 0 0 0 0 0 0 0 0 0 0 0 0 0 0 0 0 0 0 0 0 0 0 0 0 0 0 0 0 0 F:\毕业论文\SkinRetrieval0.3特征数组\pics\batch2\10.jpg
0 0 0 0 0 0 0 0 0 1 127 0 0 0 0 0 0 0 0 0 0 0 0 0 0 0 2 0 0 0 0 0 0 0 0 0 0 0 0 0 0 0 0 0 0 0 0 0 0 0 0 0 0 0 0 0 0 0 0 0 0 0 0 0 F:\毕业论文\SkinRetrieval0.3特征数组\pics\batch2\11.jpg
0 0 0 0 0 0 2 0 0 2 127 0 0 0 0 0 0 0 0 0 0 0 0 0 0 0 19 0 0 0 0 0 0 0 0 0 0 0 0 0 0 0 1 0 0 0 0 0 0 0 0 0 0 0 0 0 0 0 0 0 0 0 0 0 F:\毕业论文\SkinRetrieval0.3特征数组\pics\batch2\12.jpg
0 0 0 0 0 0 1 0 0 2 127 0 0 0 0 0 0 0 0 0 0 0 0 0 0 0 15 0 0 0 0 0 0 0 0 0 0 0 0 0 0 0 4 0 0 0 0 0 0 0 0 0 0 0 0 0 0 0 0 0 0 0 0 0 F:\毕业论文\SkinRetrieval0.3特征数组\pics\batch2\13.jpg
0 0 0 0 0 0 2 0 0 2 127 0 0 0 0 0 0 0 0 0 0 0 0 0 0 0 23 0 0 0 0 0 0 0 0 0 0 0 0 0 0 0 47 0 0 0 0 0 0 0 0 0 0 0 0 0 0 0 0 0 0 0 0 0 F:\毕业论文\SkinRetrieval0.3特征数组\pics\batch2\14.jpg
0 0 0 0 0 0 2 0 0 3 127 0 0 0 0 0 0 0 0 0 0 0 0 0 0 0 45 0 0 0 0 0 0 0 0 0 0 0 0 0 0 0 7 0 0 0 0 0 0 0 0 0 0 0 0 0 0 0 0 0 0 0 0 0 F:\毕业论文\SkinRetrieval0.3特征数组\pics\batch2\15.jpg
0 0 0 0 0 0 0 0 0 0 127 0 0 0 0 0 0 0 0 0 0 0 0 0 0 0 2 0 0 0 0 0 0 0 0 0 0 0 0 0 0 0 0 0 0 0 0 0 0 0 0 0 0 0 0 0 0 0 0 0 0 0 0 0 F:\毕业论文\SkinRetrieval0.3特征数组\pics\batch2\16.jpg
0 0 0 0 0 0 2 0 0 1 127 0 0 0 0 0 0 0 0 0 0 0 0 0 0 0 10 0 0 0 0 0 0 0 0 0 0 0 0 0 0 0 0 0 0 0 0 0 0 0 0 0 0 0 0 0 0 0 0 0 0 0 0 0 F:\毕业论文\SkinRetrieval0.3特征数组\pics\batch2\17.jpg
0 0 0 0 0 0 1 0 0 3 127 0 0 0 0 0 0 0 0 0 0 0 0 0 0 0 5 0 0 0 0 0 0 0 0 0 0 0 0 0 0 0 0 0 0 0 0 0 0 0 0 0 0 0 0 0 0 0 0 0 0 0 0 0 F:\毕业论文\SkinRetrieval0.3特征数组\pics\batch2\18.jpg
0 0 0 0 0 1 2 0 0 2 127 0 0 0 0 0 0 0 0 0 0 1 11 0 0 0 46 0 0 0 0 0 0 0 0 0 0 0 3 0 0 0 2 0 0 0 0 0 0 0 0 0 0 0 0 0 0 0 0 0 0 0 0 0 F:\毕业论文\SkinRetrieval0.3特征数组\pics\batch2\19.jpg
0 0 0 0 0 12 7 0 0 0 127 0 0 0 0 0 0 0 0 0 0 15 47 0 0 0 11 0 0 0 0 0 0 0 0 0 0 0 0 0 0 0 0 0 0 0 0 0 0 0 0 0 0 0 0 0 0 0 0 0 0 0 0 0 F:\毕业论文\SkinRetrieval0.3特征数组\pics\batch2\2.jpg
0 0 0 0 0 0 0 0 0 0 127 0 0 0 0 0 0 0 0 0 0 0 0 0 0 0 5 0 0 0 0 0 0 0 0 0 0 0 0 0 0 0 0 0 0 0 0 0 0 0 0 0 0 0 0 0 0 0 0 0 0 0 0 0 F:\毕业论文\SkinRetrieval0.3特征数组\pics\batch2\20.jpg
0 0 0 0 0 0 1 0 0 2 127 0 0 0 0 0 0 0 0 0 0 0 0 0 0 0 27 0 0 0 0 0 0 0 0 0 0 0 0 0 0 0 3 0 0 0 0 0 0 0 0 0 0 0 0 0 0 0 0 0 0 0 0 0 F:\毕业论文\SkinRetrieval0.3特征数组\pics\batch2\21.jpg
0 0 0 0 0 0 3 0 0 2 127 0 0 0 0 0 0 0 0 0 0 0 0 0 0 0 47 0 0 0 0 0 0 0 0 0 0 0 0 0 0 0 12 0 0 0 0 0 0 0 0 0 0 0 0 0 0 0 0 0 0 0 0 0 F:\毕业论文\SkinRetrieval0.3特征数组\pics\batch2\22.jpg
0 0 0 0 0 2 6 0 0 0 127 0 0 0 0 0 0 0 0 0 0 2 6 0 0 0 1 0 0 0 0 0 0 0 0 0 0 0 0 0 0 0 0 0 0 0 0 0 0 0 0 0 0 0 0 0 0 0 0 0 0 0 0 0 F:\毕业论文\SkinRetrieval0.3特征数组\pics\batch2\23.jpg
0 0 0 0 0 0 1 0 0 1 127 0 0 0 0 0 0 0 0 0 0 0 0 0 0 0 11 0 0 0 0 0 0 0 0 0 0 0 0 0 0 0 3 0 0 0 0 0 0 0 0 0 0 0 0 0 0 0 0 0 0 0 0 0 F:\毕业论文\SkinRetrieval0.3特征数组\pics\batch2\24.jpg
0 0 0 0 0 0 1 0 0 1 127 0 0 0 0 0 0 0 0 0 0 0 0 0 0 0 6 0 0 0 0 0 0 0 0 0 0 0 0 0 0 0 0 0 0 0 0 0 0 0 0 0 0 0 0 0 0 0 0 0 0 0 0 0 F:\毕业论文\SkinRetrieval0.3特征数组\pics\batch2\25.jpg
0 0 0 0 0 2 1 0 0 14 127 0 0 0 0 0 0 0 0 0 0 0 0 0 0 4 2 0 0 0 0 0 0 0 0 0 0 0 0 0 0 0 0 0 0 0 0 0 0 0 0 0 0 0 0 0 0 0 0 0 0 0 0 0 F:\毕业论文\SkinRetrieval0.3特征数组\pics\batch2\26.jpg
0 0 0 0 0 0 1 0 0 2 127 0 0 0 0 0 0 0 0 0 0 0 0 0 0 0 17 0 0 0 0 0 0 0 0 0 0 0 0 0 0 0 7 0 0 0 0 0 0 0 0 0 0 0 0 0 0 0 0 0 0 0 0 0 F:\毕业论文\SkinRetrieval0.3特征数组\pics\batch2\27.jpg
0 0 0 0 0 0 2 0 0 2 127 0 0 0 0 0 0 0 0 0 0 0 0 0 0 0 49 0 0 0 0 0 0 0 0 0 0 0 0 0 0 0 0 0 0 0 0 0 0 0 0 0 0 0 0 0 0 0 0 0 0 0 0 0 F:\毕业论文\SkinRetrieval0.3特征数组\pics\batch2\28.jpg
0 0 0 0 0 0 1 0 0 1 127 0 0 0 0 0 0 0 0 0 0 0 0 0 0 0 20 0 0 0 0 0 0 0 0 0 0 0 0 0 0 0 0 0 0 0 0 0 0 0 0 0 0 0 0 0 0 0 0 0 0 0 0 0 F:\毕业论文\SkinRetrieval0.3特征数组\pics\batch2\29.jpg
0 0 0 0 0 0 3 0 0 1 127 0 0 0 0 0 0 0 0 0 0 36 22 0 0 0 1 0 0 0 0 0 0 0 0 0 0 9 0 0 0 0 0 0 0 0 0 0 0 0 0 0 0 0 0 0 0 0 0 0 0 0 0 0 F:\毕业论文\SkinRetrieval0.3特征数组\pics\batch2\3.jpg
0 0 0 0 0 0 1 0 0 3 127 0 0 0 0 0 0 0 0 0 0 0 0 0 0 0 26 0 0 0 0 0 0 0 0 0 0 0 0 0 0 0 22 0 0 0 0 0 0 0 0 0 0 0 0 0 0 0 0 0 0 0 0 0 F:\毕业论文\SkinRetrieval0.3特征数组\pics\batch2\30.jpg
0 0 0 0 0 0 2 0 0 2 127 0 0 0 0 0 0 0 0 0 0 0 0 0 0 0 18 0 0 0 0 0 0 0 0 0 0 0 0 0 0 0 4 0 0 0 0 0 0 0 0 0 0 0 0 0 0 0 0 0 0 0 0 0 F:\毕业论文\SkinRetrieval0.3特征数组\pics\batch2\31.jpg
0 0 0 0 0 0 1 0 0 1 127 0 0 0 0 0 0 0 0 0 0 0 0 0 0 0 3 0 0 0 0 0 0 0 0 0 0 0 0 0 0 0 0 0 0 0 0 0 0 0 0 0 0 0 0 0 0 0 0 0 0 0 0 0 F:\毕业论文\SkinRetrieval0.3特征数组\pics\batch2\32.jpg
0 0 0 0 0 0 1 0 0 1 127 0 0 0 0 0 0 0 0 0 0 0 0 0 0 0 15 0 0 0 0 0 0 0 0 0 0 0 0 0 0 0 0 0 0 0 0 0 0 0 0 0 0 0 0 0 0 0 0 0 0 0 0 0 F:\毕业论文\SkinRetrieval0.3特征数组\pics\batch2\33.jpg
0 0 0 0 0 0 1 0 0 0 127 0 0 0 0 0 0 0 0 0 0 0 0 0 0 0 37 0 0 0 0 0 0 0 0 0 0 0 0 0 0 0 0 0 0 0 0 0 0 0 0 0 0 0 0 0 0 0 0 0 0 0 0 0 F:\毕业论文\SkinRetrieval0.3特征数组\pics\batch2\34.jpg
0 0 0 0 0 0 1 0 0 1 127 0 0 0 0 0 0 0 0 0 0 0 0 0 0 0 21 0 0 0 0 0 0 0 0 0 0 0 0 0 0 0 0 0 0 0 0 0 0 0 0 0 0 0 0 0 0 0 0 0 0 0 0 0 F:\毕业论文\SkinRetrieval0.3特征数组\pics\batch2\35.jpg
0 0 0 0 0 0 2 0 0 3 127 0 0 0 0 0 0 0 0 0 0 0 0 0 0 0 72 0 0 0 0 0 0 0 0 0 0 0 0 0 0 0 0 0 0 0 0 0 0 0 0 0 0 0 0 0 0 0 0 0 0 0 0 0 F:\毕业论文\SkinRetrieval0.3特征数组\pics\batch2\36.jpg
0 0 0 0 0 0 1 0 0 1 127 0 0 0 0 0 0 0 0 0 0 0 0 0 0 0 9 0 0 0 0 0 0 0 0 0 0 0 0 0 0 0 1 0 0 0 0 0 0 0 0 0 0 0 0 0 0 0 0 0 0 0 0 0 F:\毕业论文\SkinRetrieval0.3特征数组\pics\batch2\37.jpg
0 0 0 0 0 1 3 0 0 3 127 0 0 0 0 0 0 0 0 0 0 0 0 0 0 1 32 0 0 0 0 0 0 0 0 0 0 0 0 0 0 0 28 0 0 0 0 0 0 0 0 0 0 0 0 0 0 0 0 0 0 0 0 0 F:\毕业论文\SkinRetrieval0.3特征数组\pics\batch2\38.jpg
0 0 0 0 0 21 3 0 0 2 127 0 0 0 0 0 0 0 0 0 0 45 0 0 0 2 3 0 0 0 0 0 0 0 0 0 0 21 0 0 0 2 0 0 0 0 0 0 0 0 0 0 0 0 0 0 0 0 0 0 0 0 0 0 F:\毕业论文\SkinRetrieval0.3特征数组\pics\batch2\39.jpg
0 0 0 0 0 0 5 0 0 1 127 0 0 0 0 0 0 0 0 0 0 0 2 0 0 0 1 0 0 0 0 0 0 0 0 0 0 0 0 0 0 0 0 0 0 0 0 0 0 0 0 0 0 0 0 0 0 0 0 0 0 0 0 0 F:\毕业论文\SkinRetrieval0.3特征数组\pics\batch2\4.jpg
0 0 0 0 0 16 7 0 0 2 127 0 0 0 0 0 0 0 0 0 0 55 6 0 0 1 0 0 0 0 0 0 0 0 0 0 0 11 2 0 0 0 0 0 0 0 0 0 0 0 0 0 0 0 0 0 0 0 0 0 0 0 0 0 F:\毕业论文\SkinRetrieval0.3特征数组\pics\batch2\40.jpg
0 0 0 0 0 0 16 0 0 1 127 0 0 0 0 0 0 0 0 0 0 0 9 0 0 0 9 0 0 0 0 0 0 0 0 0 0 0 0 0 0 0 0 0 0 0 0 0 0 0 0 0 0 0 0 0 0 0 0 0 0 0 0 0 F:\毕业论文\SkinRetrieval0.3特征数组\pics\batch2\41.jpg
0 0 0 0 0 18 12 0 0 0 127 0 0 0 0 0 0 0 0 0 0 11 5 0 0 0 1 0 0 0 0 0 0 0 0 0 0 2 3 0 0 0 0 0 0 0 0 0 0 0 0 0 0 0 0 0 0 0 0 0 0 0 0 0 F:\毕业论文\SkinRetrieval0.3特征数组\pics\batch2\42.jpg
0 0 0 0 0 0 2 0 0 2 127 0 0 0 0 0 0 0 0 0 0 0 0 0 0 0 32 0 0 0 0 0 0 0 0 0 0 0 0 0 0 0 20 0 0 0 0 0 0 0 0 0 0 0 0 0 0 0 4 0 0 0 0 0 F:\毕业论文\SkinRetrieval0.3特征数组\pics\batch2\43.jpg
0 0 0 0 0 0 3 0 0 3 127 0 0 0 0 0 0 0 0 0 0 0 0 0 0 0 17 0 0 0 0 0 0 0 0 0 0 0 0 0 0 0 31 0 0 0 0 0 0 0 0 0 0 0 0 0 0 0 4 0 0 0 0 0 F:\毕业论文\SkinRetrieval0.3特征数组\pics\batch2\44.jpg
0 0 0 0 0 19 6 0 0 0 127 0 0 0 0 0 0 0 0 0 0 14 39 0 0 0 16 0 0 0 0 0 0 0 0 0 0 0 0 0 0 0 0 0 0 0 0 0 0 0 0 0 0 0 0 0 0 0 0 0 0 0 0 0 F:\毕业论文\SkinRetrieval0.3特征数组\pics\batch2\45.jpg
0 0 0 0 0 0 5 0 0 0 127 0 0 0 0 0 0 0 0 0 0 62 26 0 0 0 2 0 0 0 0 0 0 0 0 0 0 5 4 0 0 0 0 0 0 0 0 0 0 0 0 0 0 0 0 0 0 0 0 0 0 0 0 0 F:\毕业论文\SkinRetrieval0.3特征数组\pics\batch2\46.jpg
0 0 0 0 0 7 1 0 0 2 127 0 0 0 0 0 0 0 0 0 0 14 11 0 0 0 12 0 0 0 0 0 0 0 0 0 0 4 8 0 0 0 4 0 0 0 0 0 0 0 0 0 0 0 0 0 0 0 0 0 0 0 0 0 F:\毕业论文\SkinRetrieval0.3特征数组\pics\batch2\5.jpg
0 0 0 0 0 0 2 0 0 2 127 0 0 0 0 0 0 0 0 0 0 0 0 0 0 0 27 0 0 0 0 0 0 0 0 0 0 0 0 0 0 0 2 0 0 0 0 0 0 0 0 0 0 0 0 0 0 0 0 0 0 0 0 0 F:\毕业论文\SkinRetrieval0.3特征数组\pics\batch2\6.jpg
0 0 0 0 0 1 1 0 0 0 127 0 0 0 0 0 0 0 0 0 0 9 2 0 0 0 1 0 0 0 0 0 0 0 0 0 0 0 0 0 0 0 0 0 0 0 0 0 0 0 0 0 0 0 0 0 0 0 0 0 0 0 0 0 F:\毕业论文\SkinRetrieval0.3特征数组\pics\batch2\7.jpg
0 0 0 0 0 0 1 0 0 1 127 0 0 0 0 0 0 0 0 0 0 14 8 0 0 0 18 0 0 0 0 0 0 0 0 0 0 0 0 0 0 0 11 0 0 0 0 0 0 0 0 0 0 0 0 0 0 0 0 0 0 0 0 0 F:\毕业论文\SkinRetrieval0.3特征数组\pics\batch2\8.jpg
0 0 0 0 0 7 2 0 0 0 127 0 0 0 0 0 0 0 0 0 0 0 0 0 0 0 0 0 0 0 0 0 0 0 0 0 0 0 0 0 0 0 0 0 0 0 0 0 0 0 0 0 0 0 0 0 0 0 0 0 0 0 0 0 F:\毕业论文\SkinRetrieval0.3特征数组\pics\batch2\9.jpg
0 0 0 0 0 0 1 0 0 1 127 0 0 0 0 0 0 0 0 0 0 0 0 0 0 0 10 0 0 0 0 0 0 0 0 0 0 0 0 0 0 0 6 0 0 0 0 0 0 0 0 0 0 0 0 0 0 0 0 0 0 0 0 0 F:\毕业论文\SkinRetrieval0.3特征数组\pics\batch3\1.jpg
0 0 0 0 0 0 0 0 0 0 127 0 0 0 0 0 0 0 0 0 0 0 0 0 0 0 3 0 0 0 0 0 0 0 0 0 0 0 0 0 0 0 0 0 0 0 0 0 0 0 0 0 0 0 0 0 0 0 0 0 0 0 0 0 F:\毕业论文\SkinRetrieval0.3特征数组\pics\batch3\10.jpg
0 0 0 0 0 0 0 0 0 0 127 0 0 0 0 0 0 0 0 0 0 0 0 0 0 0 5 0 0 0 0 0 0 0 0 0 0 0 0 0 0 0 0 0 0 0 0 0 0 0 0 0 0 0 0 0 0 0 0 0 0 0 0 0 F:\毕业论文\SkinRetrieval0.3特征数组\pics\batch3\11.jpg
0 0 0 0 0 0 0 0 0 0 127 0 0 0 0 0 0 0 0 0 0 0 0 0 0 0 2 0 0 0 0 0 0 0 0 0 0 0 0 0 0 0 0 0 0 0 0 0 0 0 0 0 0 0 0 0 0 0 0 0 0 0 0 0 F:\毕业论文\SkinRetrieval0.3特征数组\pics\batch3\12.jpg
0 0 0 0 0 0 1 0 0 1 127 0 0 0 0 0 0 0 0 0 0 0 0 0 0 0 1 0 0 0 0 0 0 0 0 0 0 0 0 0 0 0 0 0 0 0 0 0 0 0 0 0 0 0 0 0 0 0 0 0 0 0 0 0 F:\毕业论文\SkinRetrieval0.3特征数组\pics\batch3\13.jpg
0 0 0 0 0 0 1 0 0 0 127 0 0 0 0 0 0 0 0 0 0 0 0 0 0 0 4 0 0 0 0 0 0 0 0 0 0 0 0 0 0 0 0 0 0 0 0 0 0 0 0 0 0 0 0 0 0 0 0 0 0 0 0 0 F:\毕业论文\SkinRetrieval0.3特征数组\pics\batch3\14.jpg
0 0 0 0 0 0 0 0 0 0 127 0 0 0 0 0 0 0 0 0 0 0 0 0 0 0 4 0 0 0 0 0 0 0 0 0 0 0 0 0 0 0 0 0 0 0 0 0 0 0 0 0 0 0 0 0 0 0 0 0 0 0 0 0 F:\毕业论文\SkinRetrieval0.3特征数组\pics\batch3\15.jpg
0 0 0 0 0 0 1 0 0 0 127 0 0 0 0 0 0 0 0 0 0 0 0 0 0 0 3 0 0 0 0 0 0 0 0 0 0 0 0 0 0 0 0 0 0 0 0 0 0 0 0 0 0 0 0 0 0 0 0 0 0 0 0 0 F:\毕业论文\SkinRetrieval0.3特征数组\pics\batch3\16.jpg
0 0 0 0 0 0 3 0 0 1 127 0 0 0 0 0 0 0 0 0 0 0 0 0 0 0 72 0 0 0 0 0 0 0 0 0 0 0 0 0 0 0 0 0 0 0 0 0 0 0 0 0 0 0 0 0 0 0 0 0 0 0 0 0 F:\毕业论文\SkinRetrieval0.3特征数组\pics\batch3\17.jpg
0 0 0 0 0 0 2 0 0 2 127 0 0 0 0 0 0 0 0 0 0 0 0 0 0 0 31 0 0 0 0 0 0 0 0 0 0 0 0 0 0 0 0 0 0 0 0 0 0 0 0 0 0 0 0 0 0 0 0 0 0 0 0 0 F:\毕业论文\SkinRetrieval0.3特征数组\pics\batch3\18.jpg
0 0 0 0 0 0 0 0 0 0 127 0 0 0 0 0 0 0 0 0 0 0 0 0 0 0 0 0 0 0 0 0 0 0 0 0 0 0 0 0 0 0 0 0 0 0 0 0 0 0 0 0 0 0 0 0 0 0 0 0 0 0 0 0 F:\毕业论文\SkinRetrieval0.3特征数组\pics\batch3\19.jpg
0 0 0 0 0 0 1 0 0 1 127 0 0 0 0 0 0 0 0 0 0 0 0 0 0 0 9 0 0 0 0 0 0 0 0 0 0 0 0 0 0 0 0 0 0 0 0 0 0 0 0 0 0 0 0 0 0 0 0 0 0 0 0 0 F:\毕业论文\SkinRetrieval0.3特征数组\pics\batch3\2.jpg
0 0 0 0 0 0 1 0 0 1 127 0 0 0 0 0 0 0 0 0 0 0 0 0 0 0 4 0 0 0 0 0 0 0 0 0 0 0 0 0 0 0 0 0 0 0 0 0 0 0 0 0 0 0 0 0 0 0 0 0 0 0 0 0 F:\毕业论文\SkinRetrieval0.3特征数组\pics\batch3\20.jpg
0 0 0 0 0 0 1 0 0 0 127 0 0 0 0 0 0 0 0 0 0 0 0 0 0 0 18 0 0 0 0 0 0 0 0 0 0 0 0 0 0 0 0 0 0 0 0 0 0 0 0 0 0 0 0 0 0 0 0 0 0 0 0 0 F:\毕业论文\SkinRetrieval0.3特征数组\pics\batch3\21.jpg
0 0 0 0 0 0 1 0 0 1 127 0 0 0 0 0 0 0 0 0 0 0 0 0 0 0 11 0 0 0 0 0 0 0 0 0 0 0 0 0 0 0 0 0 0 0 0 0 0 0 0 0 0 0 0 0 0 0 0 0 0 0 0 0 F:\毕业论文\SkinRetrieval0.3特征数组\pics\batch3\22.jpg
0 0 0 0 0 0 1 0 0 1 127 0 0 0 0 0 0 0 0 0 0 0 0 0 0 0 18 0 0 0 0 0 0 0 0 0 0 0 0 0 0 0 0 0 0 0 0 0 0 0 0 0 0 0 0 0 0 0 0 0 0 0 0 0 F:\毕业论文\SkinRetrieval0.3特征数组\pics\batch3\23.jpg
0 0 0 0 0 0 1 0 0 1 127 0 0 0 0 0 0 0 0 0 0 0 0 0 0 0 7 0 0 0 0 0 0 0 0 0 0 0 0 0 0 0 0 0 0 0 0 0 0 0 0 0 0 0 0 0 0 0 0 0 0 0 0 0 F:\毕业论文\SkinRetrieval0.3特征数组\pics\batch3\24.jpg
0 0 0 0 0 0 2 0 0 1 127 0 0 0 0 0 0 0 0 0 0 0 0 0 0 0 18 0 0 0 0 0 0 0 0 0 0 0 0 0 0 0 6 0 0 0 0 0 0 0 0 0 0 0 0 0 0 0 0 0 0 0 0 0 F:\毕业论文\SkinRetrieval0.3特征数组\pics\batch3\25.jpg
0 0 0 0 0 0 2 0 0 2 127 0 0 0 0 0 0 0 0 0 0 0 0 0 0 0 0 0 0 0 0 0 0 0 0 0 0 0 0 0 0 0 3 0 0 0 0 0 0 0 0 0 0 0 0 0 0 0 0 0 0 0 0 0 F:\毕业论文\SkinRetrieval0.3特征数组\pics\batch3\26.jpg
0 0 0 0 0 0 1 0 0 1 127 0 0 0 0 0 0 0 0 0 0 0 0 0 0 0 11 0 0 0 0 0 0 0 0 0 0 0 0 0 0 0 4 0 0 0 0 0 0 0 0 0 0 0 0 0 0 0 0 0 0 0 0 0 F:\毕业论文\SkinRetrieval0.3特征数组\pics\batch3\27.jpg
0 0 0 0 0 0 1 0 0 2 127 0 0 0 0 0 0 0 0 0 0 0 0 0 0 0 33 0 0 0 0 0 0 0 0 0 0 0 0 0 0 0 9 0 0 0 0 0 0 0 0 0 0 0 0 0 0 0 0 0 0 0 0 0 F:\毕业论文\SkinRetrieval0.3特征数组\pics\batch3\28.jpg
0 0 0 0 0 0 0 0 0 0 127 0 0 0 0 0 0 0 0 0 0 0 0 0 0 0 0 0 0 0 0 0 0 0 0 0 0 0 0 0 0 0 0 0 0 0 0 0 0 0 0 0 0 0 0 0 0 0 0 0 0 0 0 0 F:\毕业论文\SkinRetrieval0.3特征数组\pics\batch3\29.jpg
0 0 0 0 0 1 2 0 0 2 127 0 0 0 0 0 0 0 0 0 0 0 0 0 0 0 43 0 0 0 0 0 0 0 0 0 0 0 0 0 0 0 1 0 0 0 0 0 0 0 0 0 0 0 0 0 0 0 0 0 0 0 0 0 F:\毕业论文\SkinRetrieval0.3特征数组\pics\batch3\3.jpg
0 0 0 0 0 0 0 0 0 0 127 0 0 0 0 0 0 0 0 0 0 0 0 0 0 0 2 0 0 0 0 0 0 0 0 0 0 0 0 0 0 0 0 0 0 0 0 0 0 0 0 0 0 0 0 0 0 0 0 0 0 0 0 0 F:\毕业论文\SkinRetrieval0.3特征数组\pics\batch3\30.jpg
0 0 0 0 0 4 1 0 0 3 127 0 0 0 0 0 0 0 0 0 0 0 0 0 0 0 12 0 0 0 0 0 0 0 0 0 0 0 0 0 0 0 0 0 0 0 0 0 0 0 0 0 0 0 0 0 0 0 0 0 0 0 0 0 F:\毕业论文\SkinRetrieval0.3特征数组\pics\batch3\31.jpg
0 0 0 0 0 0 1 0 0 2 127 0 0 0 0 0 0 0 0 0 0 0 0 0 0 0 15 0 0 0 0 0 0 0 0 0 0 0 0 0 0 0 0 0 0 0 0 0 0 0 0 0 0 0 0 0 0 0 0 0 0 0 0 0 F:\毕业论文\SkinRetrieval0.3特征数组\pics\batch3\32.jpg
0 0 0 0 0 0 1 0 0 0 127 0 0 0 0 0 0 0 0 0 0 0 0 0 0 0 2 0 0 0 0 0 0 0 0 0 0 0 0 0 0 0 1 0 0 0 0 0 0 0 0 0 0 0 0 0 0 0 0 0 0 0 0 0 F:\毕业论文\SkinRetrieval0.3特征数组\pics\batch3\33.jpg
0 0 0 0 0 0 1 0 0 1 127 0 0 0 0 0 0 0 0 0 0 0 0 0 0 0 7 0 0 0 0 0 0 0 0 0 0 0 0 0 0 0 3 0 0 0 0 0 0 0 0 0 0 0 0 0 0 0 0 0 0 0 0 0 F:\毕业论文\SkinRetrieval0.3特征数组\pics\batch3\34.jpg
0 0 0 0 0 0 1 0 0 0 127 0 0 0 0 0 0 0 0 0 0 0 0 0 0 0 5 0 0 0 0 0 0 0 0 0 0 0 0 0 0 0 7 0 0 0 0 0 0 0 0 0 0 0 0 0 0 0 0 0 0 0 0 0 F:\毕业论文\SkinRetrieval0.3特征数组\pics\batch3\35.jpg
0 0 0 0 0 4 2 0 0 5 127 0 0 0 0 0 0 0 0 0 0 0 0 0 0 1 52 0 0 0 0 0 0 0 0 0 0 0 0 0 0 0 0 0 0 0 0 0 0 0 0 0 0 0 0 0 0 0 0 0 0 0 0 0 F:\毕业论文\SkinRetrieval0.3特征数组\pics\batch3\36.jpg
0 0 0 0 0 0 1 0 0 1 127 0 0 0 0 0 0 0 0 0 0 0 0 0 0 0 25 0 0 0 0 0 0 0 0 0 0 0 0 0 0 0 0 0 0 0 0 0 0 0 0 0 0 0 0 0 0 0 0 0 0 0 0 0 F:\毕业论文\SkinRetrieval0.3特征数组\pics\batch3\37.jpg
0 0 0 0 0 0 1 0 0 1 127 0 0 0 0 0 0 0 0 0 0 0 0 0 0 0 10 0 0 0 0 0 0 0 0 0 0 0 0 0 0 0 3 0 0 0 0 0 0 0 0 0 0 0 0 0 0 0 0 0 0 0 0 0 F:\毕业论文\SkinRetrieval0.3特征数组\pics\batch3\38.jpg
0 0 0 0 0 0 2 0 0 1 127 0 0 0 0 0 0 0 0 0 0 0 0 0 0 0 16 0 0 0 0 0 0 0 0 0 0 0 0 0 0 0 18 0 0 0 0 0 0 0 0 0 0 0 0 0 0 0 0 0 0 0 0 0 F:\毕业论文\SkinRetrieval0.3特征数组\pics\batch3\39.jpg
0 0 0 0 0 0 0 0 0 1 127 0 0 0 0 0 0 0 0 0 0 0 0 0 0 0 2 0 0 0 0 0 0 0 0 0 0 0 0 0 0 0 1 0 0 0 0 0 0 0 0 0 0 0 0 0 0 0 0 0 0 0 0 0 F:\毕业论文\SkinRetrieval0.3特征数组\pics\batch3\4.jpg
0 0 0 0 0 0 0 0 0 0 127 0 0 0 0 0 0 0 0 0 0 0 0 0 0 0 0 0 0 0 0 0 0 0 0 0 0 0 0 0 0 0 0 0 0 0 0 0 0 0 0 0 0 0 0 0 0 0 0 0 0 0 0 0 F:\毕业论文\SkinRetrieval0.3特征数组\pics\batch3\40.jpg
0 0 0 0 0 0 0 0 0 0 127 0 0 0 0 0 0 0 0 0 0 0 0 0 0 0 0 0 0 0 0 0 0 0 0 0 0 0 0 0 0 0 0 0 0 0 0 0 0 0 0 0 0 0 0 0 0 0 0 0 0 0 0 0 F:\毕业论文\SkinRetrieval0.3特征数组\pics\batch3\41.jpg
0 0 0 0 0 0 4 0 0 3 127 0 0 0 0 0 0 0 0 0 0 0 0 0 0 0 33 0 0 0 0 0 0 0 0 0 0 0 0 0 0 0 8 0 0 0 0 0 0 0 0 0 0 0 0 0 0 0 0 0 0 0 0 0 F:\毕业论文\SkinRetrieval0.3特征数组\pics\batch3\42.jpg
0 0 0 0 0 0 0 0 0 0 127 0 0 0 0 0 0 0 0 0 0 0 0 0 0 0 4 0 0 0 0 0 0 0 0 0 0 0 0 0 0 0 4 0 0 0 0 0 0 0 0 0 0 0 0 0 0 0 0 0 0 0 0 0 F:\毕业论文\SkinRetrieval0.3特征数组\pics\batch3\5.jpg
0 0 0 0 0 0 1 0 0 0 127 0 0 0 0 0 0 0 0 0 0 0 0 0 0 0 16 0 0 0 0 0 0 0 0 0 0 0 0 0 0 0 0 0 0 0 0 0 0 0 0 0 0 0 0 0 0 0 0 0 0 0 0 0 F:\毕业论文\SkinRetrieval0.3特征数组\pics\batch3\6.jpg
0 0 0 0 0 0 3 0 0 1 127 0 0 0 0 0 0 0 0 0 0 0 0 0 0 0 23 0 0 0 0 0 0 0 0 0 0 0 0 0 0 0 45 0 0 0 0 0 0 0 0 0 0 0 0 0 0 0 0 0 0 0 0 0 F:\毕业论文\SkinRetrieval0.3特征数组\pics\batch3\7.jpg
0 0 0 0 0 0 1 0 0 0 127 0 0 0 0 0 0 0 0 0 0 0 0 0 0 0 6 0 0 0 0 0 0 0 0 0 0 0 0 0 0 0 2 0 0 0 0 0 0 0 0 0 0 0 0 0 0 0 0 0 0 0 0 0 F:\毕业论文\SkinRetrieval0.3特征数组\pics\batch3\8.jpg
0 0 0 0 0 0 1 0 0 1 127 0 0 0 0 0 0 0 0 0 0 0 0 0 0 0 6 0 0 0 0 0 0 0 0 0 0 0 0 0 0 0 0 0 0 0 0 0 0 0 0 0 0 0 0 0 0 0 0 0 0 0 0 0 F:\毕业论文\SkinRetrieval0.3特征数组\pics\batch3\9.jpg
0 0 0 0 0 0 2 0 0 2 127 0 0 0 0 0 0 0 0 0 0 0 0 0 0 0 25 0 0 0 0 0 0 0 0 0 0 0 0 0 0 0 14 0 0 0 0 0 0 0 0 0 0 0 0 0 0 0 0 0 0 0 0 0 F:\毕业论文\SkinRetrieval0.3特征数组\pics\batch4\1.jpg
0 0 0 0 0 0 2 0 0 1 127 0 0 0 0 0 0 0 0 0 0 0 0 0 0 0 20 0 0 0 0 0 0 0 0 0 0 0 0 0 0 0 0 0 0 0 0 0 0 0 0 0 0 0 0 0 0 0 0 0 0 0 0 0 F:\毕业论文\SkinRetrieval0.3特征数组\pics\batch4\10.jpg
0 0 0 0 0 0 0 0 0 1 127 0 0 0 0 0 0 0 0 0 0 23 5 0 0 0 3 0 0 0 0 0 0 0 0 0 0 0 0 0 0 0 0 0 0 0 0 0 0 0 0 0 0 0 0 0 0 0 0 0 0 0 0 0 F:\毕业论文\SkinRetrieval0.3特征数组\pics\batch4\11.jpg
0 0 0 0 0 0 1 0 0 0 127 0 0 0 0 0 0 0 0 0 0 20 5 0 0 0 1 0 0 0 0 0 0 0 0 0 0 0 1 0 0 0 0 0 0 0 0 0 0 0 0 0 0 0 0 0 0 0 0 0 0 0 0 0 F:\毕业论文\SkinRetrieval0.3特征数组\pics\batch4\12.jpg
0 0 0 0 0 0 2 0 0 1 127 0 0 0 0 0 0 0 0 0 0 7 14 0 0 0 13 0 0 0 0 0 0 0 0 0 0 0 1 0 0 0 16 0 0 0 0 0 0 0 0 0 0 0 0 0 0 0 0 0 0 0 0 0 F:\毕业论文\SkinRetrieval0.3特征数组\pics\batch4\13.jpg
0 0 0 0 0 0 0 0 0 0 127 0 0 0 0 0 0 0 0 0 0 7 1 0 0 0 0 0 0 0 0 0 0 0 0 0 0 22 5 0 0 0 6 0 0 0 0 0 0 0 0 0 0 3 4 0 0 0 12 0 0 0 0 0 F:\毕业论文\SkinRetrieval0.3特征数组\pics\batch4\14.jpg
0 0 0 0 0 0 3 0 0 2 127 0 0 0 0 0 0 0 0 0 0 0 0 0 0 0 31 0 0 0 0 0 0 0 0 0 0 0 0 0 0 0 4 0 0 0 0 0 0 0 0 0 0 0 0 0 0 0 0 0 0 0 0 0 F:\毕业论文\SkinRetrieval0.3特征数组\pics\batch4\15.jpg
0 0 0 0 0 76 12 0 0 1 127 0 0 0 0 0 0 0 0 0 0 33 0 0 0 0 0 0 0 0 0 0 0 0 0 0 0 0 0 0 0 0 0 0 0 0 0 0 0 0 0 0 0 0 0 0 0 0 0 0 0 0 0 0 F:\毕业论文\SkinRetrieval0.3特征数组\pics\batch4\16.jpg
0 0 0 0 0 15 5 0 0 3 127 0 0 0 0 0 0 0 0 0 0 9 5 0 0 0 17 0 0 0 0 0 0 0 0 0 0 0 2 0 0 0 19 0 0 0 0 0 0 0 0 0 0 0 0 0 0 0 0 0 0 0 0 0 F:\毕业论文\SkinRetrieval0.3特征数组\pics\batch4\17.jpg
0 0 0 0 0 0 0 0 0 0 127 0 0 0 0 0 0 0 0 0 0 0 0 0 0 0 1 0 0 0 0 0 0 0 0 0 0 0 0 0 0 0 0 0 0 0 0 0 0 0 0 0 0 0 0 0 0 0 0 0 0 0 0 0 F:\毕业论文\SkinRetrieval0.3特征数组\pics\batch4\18.jpg
0 0 0 0 0 0 0 0 0 1 127 0 0 0 0 0 0 0 0 0 0 0 0 0 0 0 4 0 0 0 0 0 0 0 0 0 0 0 0 0 0 0 0 0 0 0 0 0 0 0 0 0 0 0 0 0 0 0 0 0 0 0 0 0 F:\毕业论文\SkinRetrieval0.3特征数组\pics\batch4\19.jpg
0 0 0 0 0 0 1 0 0 1 127 0 0 0 0 0 0 0 0 0 0 0 0 0 0 0 4 0 0 0 0 0 0 0 0 0 0 0 0 0 0 0 0 0 0 0 0 0 0 0 0 0 0 0 0 0 0 0 0 0 0 0 0 0 F:\毕业论文\SkinRetrieval0.3特征数组\pics\batch4\2.jpg
0 0 0 0 0 0 0 0 0 0 127 0 0 0 0 0 0 0 0 0 0 0 0 0 0 0 6 0 0 0 0 0 0 0 0 0 0 0 0 0 0 0 0 0 0 0 0 0 0 0 0 0 0 0 0 0 0 0 0 0 0 0 0 0 F:\毕业论文\SkinRetrieval0.3特征数组\pics\batch4\20.jpg
0 0 0 0 0 0 2 0 0 1 127 0 0 0 0 0 0 0 0 0 0 4 3 0 0 0 25 0 0 0 0 0 0 0 0 0 0 2 0 0 0 0 4 0 0 0 0 0 0 0 0 0 0 0 0 0 0 0 0 0 0 0 0 0 F:\毕业论文\SkinRetrieval0.3特征数组\pics\batch4\21.jpg
0 0 0 0 0 0 1 0 0 0 127 0 0 0 0 0 0 0 0 0 0 18 3 0 0 0 1 0 0 0 0 0 0 0 0 0 0 22 24 0 0 0 15 0 0 0 0 0 0 0 0 0 0 0 0 0 0 0 0 0 0 0 0 0 F:\毕业论文\SkinRetrieval0.3特征数组\pics\batch4\22.jpg
0 0 0 0 0 0 0 0 0 0 127 0 0 0 0 0 0 0 0 0 0 0 0 0 0 0 28 0 0 0 0 0 0 0 0 0 0 0 0 0 0 0 1 0 0 0 0 0 0 0 0 0 0 0 0 0 0 0 0 0 0 0 0 0 F:\毕业论文\SkinRetrieval0.3特征数组\pics\batch4\23.jpg
0 0 0 0 0 0 1 0 0 4 127 0 0 0 0 0 0 0 0 0 0 0 0 0 0 10 24 0 0 0 0 0 0 0 0 0 0 0 0 0 0 0 0 0 0 0 0 0 0 0 0 0 0 0 0 0 0 0 0 0 0 0 0 0 F:\毕业论文\SkinRetrieval0.3特征数组\pics\batch4\24.jpg
0 0 0 0 0 27 7 0 0 1 127 0 0 0 0 0 0 0 0 0 0 36 4 0 0 0 8 0 0 0 0 0 0 0 0 0 0 2 0 0 0 0 9 0 0 0 0 0 0 0 0 0 0 0 0 0 0 0 0 0 0 0 0 0 F:\毕业论文\SkinRetrieval0.3特征数组\pics\batch4\25.jpg
0 0 0 0 0 8 1 0 0 1 127 0 0 0 0 0 0 0 0 0 0 26 2 0 0 1 5 0 0 0 0 0 0 0 0 0 0 4 0 0 0 1 0 0 0 0 0 0 0 0 0 0 0 0 0 0 0 0 0 0 0 0 0 0 F:\毕业论文\SkinRetrieval0.3特征数组\pics\batch4\26.jpg
0 0 0 0 0 0 0 0 0 0 127 0 0 0 0 0 0 0 0 0 0 30 4 0 0 0 3 0 0 0 0 0 0 0 0 0 0 0 0 0 0 0 4 0 0 0 0 0 0 0 0 0 0 0 0 0 0 0 0 0 0 0 0 0 F:\毕业论文\SkinRetrieval0.3特征数组\pics\batch4\27.jpg
0 0 0 0 0 12 2 0 0 2 127 0 0 0 0 0 0 0 0 0 0 27 1 0 0 1 2 0 0 0 0 0 0 0 0 0 0 0 0 0 0 0 0 0 0 0 0 0 0 0 0 0 0 0 0 0 0 0 0 0 0 0 0 0 F:\毕业论文\SkinRetrieval0.3特征数组\pics\batch4\28.jpg
0 0 0 0 0 2 0 0 0 0 127 0 0 0 0 0 0 0 0 0 0 22 1 0 0 1 17 0 0 0 0 0 0 0 0 0 0 0 0 0 0 0 0 0 0 0 0 0 0 0 0 0 0 0 0 0 0 0 0 0 0 0 0 0 F:\毕业论文\SkinRetrieval0.3特征数组\pics\batch4\29.jpg
0 0 0 0 0 0 2 0 0 2 127 0 0 0 0 0 0 0 0 0 0 0 4 0 0 1 46 0 0 0 0 0 0 0 0 0 0 0 0 0 0 0 0 0 0 0 0 0 0 0 0 0 0 0 0 0 0 0 0 0 0 0 0 0 F:\毕业论文\SkinRetrieval0.3特征数组\pics\batch4\3.jpg
0 0 0 0 0 41 13 0 0 1 127 0 0 0 0 0 0 0 0 0 0 13 3 0 0 0 7 0 0 0 0 0 0 0 0 0 0 0 0 0 0 0 0 0 0 0 0 0 0 0 0 0 0 0 0 0 0 0 0 0 0 0 0 0 F:\毕业论文\SkinRetrieval0.3特征数组\pics\batch4\30.jpg
0 0 0 0 0 0 5 0 0 1 127 0 0 0 0 0 0 0 0 0 0 0 20 0 0 0 29 0 0 0 0 0 0 0 0 0 0 0 0 0 0 0 1 0 0 0 0 0 0 0 0 0 0 0 0 0 0 0 0 0 0 0 0 0 F:\毕业论文\SkinRetrieval0.3特征数组\pics\batch4\31.jpg
0 0 0 0 0 0 3 0 0 2 127 0 0 0 0 0 0 0 0 0 0 0 4 0 0 0 42 0 0 0 0 0 0 0 0 0 0 0 0 0 0 0 17 0 0 0 0 0 0 0 0 0 0 0 0 0 0 0 0 0 0 0 0 0 F:\毕业论文\SkinRetrieval0.3特征数组\pics\batch4\32.jpg
0 0 0 0 0 19 5 0 0 0 127 0 0 0 0 0 0 0 0 0 0 13 4 0 0 0 1 0 0 0 0 0 0 0 0 0 0 0 0 0 0 0 0 0 0 0 0 0 0 0 0 0 0 0 0 0 0 0 0 0 0 0 0 0 F:\毕业论文\SkinRetrieval0.3特征数组\pics\batch4\33.jpg
0 0 0 0 0 0 3 0 0 2 127 0 0 0 0 0 0 0 0 0 0 28 21 0 0 0 10 0 0 0 0 0 0 0 0 0 0 29 11 0 0 0 0 0 0 0 0 0 0 0 0 0 0 0 0 0 0 0 0 0 0 0 0 0 F:\毕业论文\SkinRetrieval0.3特征数组\pics\batch4\34.jpg
0 0 0 0 0 54 10 0 0 0 127 0 0 0 0 0 0 0 0 0 0 30 4 0 0 0 0 0 0 0 0 0 0 0 0 0 0 0 0 0 0 0 0 0 0 0 0 0 0 0 0 0 0 0 0 0 0 0 0 0 0 0 0 0 F:\毕业论文\SkinRetrieval0.3特征数组\pics\batch4\35.jpg
0 0 0 0 0 3 2 0 0 17 127 0 0 0 0 0 0 0 0 0 0 5 0 0 0 19 16 0 0 0 0 0 0 0 0 0 0 0 0 0 0 0 0 0 0 0 0 0 0 0 0 0 0 0 0 0 0 0 0 0 0 0 0 0 F:\毕业论文\SkinRetrieval0.3特征数组\pics\batch4\36.jpg
0 0 0 0 0 8 3 0 0 1 127 0 0 0 0 0 0 0 0 0 0 2 0 0 0 0 1 0 0 0 0 0 0 0 0 0 0 0 0 0 0 0 0 0 0 0 0 0 0 0 0 0 0 0 0 0 0 0 0 0 0 0 0 0 F:\毕业论文\SkinRetrieval0.3特征数组\pics\batch4\37.jpg
0 0 0 0 0 0 4 0 0 1 127 0 0 0 0 0 0 0 0 0 0 0 3 0 0 0 17 0 0 0 0 0 0 0 0 0 0 0 0 0 0 0 1 0 0 0 0 0 0 0 0 0 0 0 0 0 0 0 0 0 0 0 0 0 F:\毕业论文\SkinRetrieval0.3特征数组\pics\batch4\38.jpg
0 0 0 0 0 3 4 0 0 1 127 0 0 0 0 0 0 0 0 0 0 25 4 0 0 7 6 0 0 0 0 0 0 0 0 0 0 25 3 0 0 1 0 0 0 0 0 0 0 0 0 0 0 2 0 0 0 0 0 0 0 0 0 0 F:\毕业论文\SkinRetrieval0.3特征数组\pics\batch4\39.jpg
0 0 0 0 0 0 1 0 0 2 127 0 0 0 0 0 0 0 0 0 0 0 0 0 0 0 14 0 0 0 0 0 0 0 0 0 0 0 0 0 0 0 31 0 0 0 0 0 0 0 0 0 0 0 0 0 0 0 3 0 0 0 0 0 F:\毕业论文\SkinRetrieval0.3特征数组\pics\batch4\4.jpg
0 0 0 0 0 0 1 0 0 1 127 0 0 0 0 0 0 0 0 0 0 3 3 0 0 3 25 0 0 0 0 0 0 0 0 0 0 8 2 0 0 4 11 0 0 0 0 0 0 0 0 0 0 0 0 0 0 0 0 0 0 0 0 0 F:\毕业论文\SkinRetrieval0.3特征数组\pics\batch4\40.jpg
0 0 0 0 0 10 2 0 0 1 127 0 0 0 0 0 0 0 0 0 0 14 1 0 0 1 3 0 0 0 0 0 0 0 0 0 0 2 0 0 0 1 3 0 0 0 0 0 0 0 0 0 0 0 0 0 0 0 0 0 0 0 0 0 F:\毕业论文\SkinRetrieval0.3特征数组\pics\batch4\41.jpg
0 0 0 0 0 0 1 0 0 3 127 0 0 0 0 0 0 0 0 0 0 1 4 0 0 4 51 0 0 0 0 0 0 0 0 0 0 0 0 0 0 0 0 0 0 0 0 0 0 0 0 0 0 0 0 0 0 0 0 0 0 0 0 0 F:\毕业论文\SkinRetrieval0.3特征数组\pics\batch4\42.jpg
0 0 0 0 0 0 2 0 0 2 127 0 0 0 0 0 0 0 0 0 0 0 0 0 0 0 46 0 0 0 0 0 0 0 0 0 0 0 0 0 0 0 5 0 0 0 0 0 0 0 0 0 0 0 0 0 0 0 0 0 0 0 0 0 F:\毕业论文\SkinRetrieval0.3特征数组\pics\batch4\43.jpg
0 0 0 0 0 3 1 0 0 9 127 0 0 0 0 0 0 0 0 0 0 14 0 0 0 28 27 0 0 0 0 0 0 0 0 0 0 0 0 0 0 0 0 0 0 0 0 0 0 0 0 0 0 0 0 0 0 0 0 0 0 0 0 0 F:\毕业论文\SkinRetrieval0.3特征数组\pics\batch4\44.jpg
0 0 0 0 0 4 4 0 0 3 127 0 0 0 0 0 0 0 0 0 0 2 1 0 0 3 43 0 0 0 0 0 0 0 0 0 0 0 0 0 0 0 10 0 0 0 0 0 0 0 0 0 0 0 0 0 0 0 0 0 0 0 0 0 F:\毕业论文\SkinRetrieval0.3特征数组\pics\batch4\45.jpg
0 0 0 0 0 0 1 0 0 0 127 0 0 0 0 0 0 0 0 0 0 0 0 0 0 0 14 0 0 0 0 0 0 0 0 0 0 0 0 0 0 0 7 0 0 0 0 0 0 0 0 0 0 0 0 0 0 0 0 0 0 0 0 0 F:\毕业论文\SkinRetrieval0.3特征数组\pics\batch4\46.jpg
0 0 0 0 0 0 0 0 0 0 127 0 0 0 0 0 0 0 0 0 0 0 0 0 0 0 0 0 0 0 0 0 0 0 0 0 0 0 0 0 0 0 0 0 0 0 0 0 0 0 0 0 0 0 0 0 0 0 0 0 0 0 0 0 F:\毕业论文\SkinRetrieval0.3特征数组\pics\batch4\47.jpg
0 0 0 0 0 0 1 0 0 2 127 0 0 0 0 0 0 0 0 0 0 0 0 0 0 0 44 0 0 0 0 0 0 0 0 0 0 0 0 0 0 0 15 0 0 0 0 0 0 0 0 0 0 0 0 0 0 0 0 0 0 0 0 0 F:\毕业论文\SkinRetrieval0.3特征数组\pics\batch4\48.jpg
0 0 0 0 0 21 8 0 0 0 127 0 0 0 0 0 0 0 0 0 0 54 7 0 0 0 2 0 0 0 0 0 0 0 0 0 0 5 0 0 0 0 0 0 0 0 0 0 0 0 0 0 0 0 0 0 0 0 0 0 0 0 0 0 F:\毕业论文\SkinRetrieval0.3特征数组\pics\batch4\49.jpg
0 0 0 0 0 0 1 0 0 2 127 0 0 0 0 0 0 0 0 0 0 0 0 0 0 1 58 0 0 0 0 0 0 0 0 0 0 0 0 0 0 0 1 0 0 0 0 0 0 0 0 0 0 0 0 0 0 0 0 0 0 0 0 0 F:\毕业论文\SkinRetrieval0.3特征数组\pics\batch4\5.jpg
0 0 0 0 0 0 1 0 0 1 127 0 0 0 0 0 0 0 0 0 0 0 0 0 0 0 91 0 0 0 0 0 0 0 0 0 0 0 0 0 0 0 2 0 0 0 0 0 0 0 0 0 0 0 0 0 0 0 0 0 0 0 0 0 F:\毕业论文\SkinRetrieval0.3特征数组\pics\batch4\50.jpg
0 0 0 0 0 4 3 0 0 1 127 0 0 0 0 0 0 0 0 0 0 32 2 0 0 0 0 0 0 0 0 0 0 0 0 0 0 0 0 0 0 0 0 0 0 0 0 0 0 0 0 0 0 0 0 0 0 0 0 0 0 0 0 0 F:\毕业论文\SkinRetrieval0.3特征数组\pics\batch4\51.jpg
0 0 0 0 0 0 1 0 0 1 127 0 0 0 0 0 0 0 0 0 0 0 0 0 0 0 19 0 0 0 0 0 0 0 0 0 0 0 0 0 0 0 0 0 0 0 0 0 0 0 0 0 0 0 0 0 0 0 0 0 0 0 0 0 F:\毕业论文\SkinRetrieval0.3特征数组\pics\batch4\52.jpg
0 0 0 0 0 0 2 0 0 2 127 0 0 0 0 0 0 0 0 0 0 0 0 0 0 0 33 0 0 0 0 0 0 0 0 0 0 0 0 0 0 0 7 0 0 0 0 0 0 0 0 0 0 0 0 0 0 0 0 0 0 0 0 0 F:\毕业论文\SkinRetrieval0.3特征数组\pics\batch4\53.jpg
0 0 0 0 0 0 1 0 0 1 127 0 0 0 0 0 0 0 0 0 0 0 0 0 0 0 17 0 0 0 0 0 0 0 0 0 0 0 0 0 0 0 0 0 0 0 0 0 0 0 0 0 0 0 0 0 0 0 0 0 0 0 0 0 F:\毕业论文\SkinRetrieval0.3特征数组\pics\batch4\54.jpg
0 0 0 0 0 0 3 0 0 3 127 0 0 0 0 0 0 0 0 0 0 0 0 0 0 0 58 0 0 0 0 0 0 0 0 0 0 0 0 0 0 0 3 0 0 0 0 0 0 0 0 0 0 0 0 0 0 0 0 0 0 0 0 0 F:\毕业论文\SkinRetrieval0.3特征数组\pics\batch4\55.jpg
0 0 0 0 0 0 2 0 0 2 127 0 0 0 0 0 0 0 0 0 0 0 0 0 0 0 11 0 0 0 0 0 0 0 0 0 0 0 0 0 0 0 2 0 0 0 0 0 0 0 0 0 0 0 0 0 0 0 1 0 0 0 0 0 F:\毕业论文\SkinRetrieval0.3特征数组\pics\batch4\56.jpg
0 0 0 0 0 0 1 0 0 1 127 0 0 0 0 0 0 0 0 0 0 0 0 0 0 0 21 0 0 0 0 0 0 0 0 0 0 0 0 0 0 0 6 0 0 0 0 0 0 0 0 0 0 0 0 0 0 0 0 0 0 0 0 0 F:\毕业论文\SkinRetrieval0.3特征数组\pics\batch4\57.jpg
0 0 0 0 0 0 0 0 0 0 127 0 0 0 0 0 0 0 0 0 0 0 0 0 0 0 0 0 0 0 0 0 0 0 0 0 0 0 0 0 0 0 0 0 0 0 0 0 0 0 0 0 0 0 0 0 0 0 0 0 0 0 0 0 F:\毕业论文\SkinRetrieval0.3特征数组\pics\batch4\58.jpg
0 0 0 0 0 0 3 0 0 3 127 0 0 0 0 0 0 0 0 0 0 0 0 0 0 0 53 0 0 0 0 0 0 0 0 0 0 0 0 0 0 0 0 0 0 0 0 0 0 0 0 0 0 0 0 0 0 0 0 0 0 0 0 0 F:\毕业论文\SkinRetrieval0.3特征数组\pics\batch4\59.jpg
0 0 0 0 0 0 2 0 0 1 127 0 0 0 0 0 0 0 0 0 0 0 0 0 0 3 66 0 0 0 0 0 0 0 0 0 0 0 0 0 0 0 0 0 0 0 0 0 0 0 0 0 0 0 0 0 0 0 0 0 0 0 0 0 F:\毕业论文\SkinRetrieval0.3特征数组\pics\batch4\6.jpg
0 0 0 0 0 0 1 0 0 1 127 0 0 0 0 0 0 0 0 0 0 0 0 0 0 0 11 0 0 0 0 0 0 0 0 0 0 0 0 0 0 0 2 0 0 0 0 0 0 0 0 0 0 0 0 0 0 0 0 0 0 0 0 0 F:\毕业论文\SkinRetrieval0.3特征数组\pics\batch4\60.jpg
0 0 0 0 0 0 1 0 0 2 127 0 0 0 0 0 0 0 0 0 0 0 0 0 0 0 6 0 0 0 0 0 0 0 0 0 0 0 0 0 0 0 0 0 0 0 0 0 0 0 0 0 0 0 0 0 0 0 0 0 0 0 0 0 F:\毕业论文\SkinRetrieval0.3特征数组\pics\batch4\61.jpg
0 0 0 0 0 1 6 0 0 1 127 0 0 0 0 0 0 0 0 0 0 2 5 0 0 0 12 0 0 0 0 0 0 0 0 0 0 0 3 0 0 0 4 0 0 0 0 0 0 0 0 0 0 0 0 0 0 0 0 0 0 0 0 0 F:\毕业论文\SkinRetrieval0.3特征数组\pics\batch4\62.jpg
0 0 0 0 0 0 0 0 0 1 127 0 0 0 0 0 0 0 0 0 0 0 0 0 0 1 4 0 0 0 0 0 0 0 0 0 0 0 0 0 0 0 0 0 0 0 0 0 0 0 0 0 0 0 0 0 0 0 0 0 0 0 0 0 F:\毕业论文\SkinRetrieval0.3特征数组\pics\batch4\63.jpg
0 0 0 0 0 0 1 0 0 1 127 0 0 0 0 0 0 0 0 0 0 0 0 0 0 0 24 0 0 0 0 0 0 0 0 0 0 0 0 0 0 0 4 0 0 0 0 0 0 0 0 0 0 0 0 0 0 0 0 0 0 0 0 0 F:\毕业论文\SkinRetrieval0.3特征数组\pics\batch4\64.jpg
0 0 0 0 0 0 1 0 0 2 127 0 0 0 0 0 0 0 0 0 0 0 0 0 0 0 22 0 0 0 0 0 0 0 0 0 0 0 0 0 0 0 0 0 0 0 0 0 0 0 0 0 0 0 0 0 0 0 0 0 0 0 0 0 F:\毕业论文\SkinRetrieval0.3特征数组\pics\batch4\65.jpg
0 0 0 0 0 0 2 0 0 2 127 0 0 0 0 0 0 0 0 0 0 0 0 0 0 0 49 0 0 0 0 0 0 0 0 0 0 0 0 0 0 0 1 0 0 0 0 0 0 0 0 0 0 0 0 0 0 0 0 0 0 0 0 0 F:\毕业论文\SkinRetrieval0.3特征数组\pics\batch4\66.jpg
0 0 0 0 0 0 2 0 0 1 127 0 0 0 0 0 0 0 0 0 0 1 0 0 0 1 3 0 0 0 0 0 0 0 0 0 0 4 1 0 0 0 25 0 0 0 0 0 0 0 0 0 0 0 0 0 0 0 0 0 0 0 0 0 F:\毕业论文\SkinRetrieval0.3特征数组\pics\batch4\67.jpg
0 0 0 0 0 0 1 0 0 2 127 0 0 0 0 0 0 0 0 0 0 0 0 0 0 0 54 0 0 0 0 0 0 0 0 0 0 0 0 0 0 0 2 0 0 0 0 0 0 0 0 0 0 0 0 0 0 0 0 0 0 0 0 0 F:\毕业论文\SkinRetrieval0.3特征数组\pics\batch4\68.jpg
0 0 0 0 0 0 1 0 0 1 127 0 0 0 0 0 0 0 0 0 0 0 0 0 0 0 39 0 0 0 0 0 0 0 0 0 0 0 0 0 0 0 0 0 0 0 0 0 0 0 0 0 0 0 0 0 0 0 0 0 0 0 0 0 F:\毕业论文\SkinRetrieval0.3特征数组\pics\batch4\69.jpg
0 0 0 0 0 0 1 0 0 0 127 0 0 0 0 0 0 0 0 0 0 25 2 0 0 2 1 0 0 0 0 0 0 0 0 0 0 1 0 0 0 0 0 0 0 0 0 0 0 0 0 0 0 0 0 0 0 0 0 0 0 0 0 0 F:\毕业论文\SkinRetrieval0.3特征数组\pics\batch4\7.jpg
0 0 0 0 0 0 1 0 0 1 127 0 0 0 0 0 0 0 0 0 0 0 0 0 0 0 33 0 0 0 0 0 0 0 0 0 0 0 0 0 0 0 0 0 0 0 0 0 0 0 0 0 0 0 0 0 0 0 0 0 0 0 0 0 F:\毕业论文\SkinRetrieval0.3特征数组\pics\batch4\70.jpg
0 0 0 0 0 4 3 0 0 3 127 0 0 0 0 0 0 0 0 0 0 1 5 0 0 0 14 0 0 0 0 0 0 0 0 0 0 0 0 0 0 0 2 0 0 0 0 0 0 0 0 0 0 0 0 0 0 0 0 0 0 0 0 0 F:\毕业论文\SkinRetrieval0.3特征数组\pics\batch4\71.jpg
0 0 0 0 0 0 2 0 0 2 127 0 0 0 0 0 0 0 0 0 0 0 3 0 0 0 30 0 0 0 0 0 0 0 0 0 0 0 8 0 0 0 29 0 0 0 0 0 0 0 0 0 0 0 0 0 0 0 0 0 0 0 0 0 F:\毕业论文\SkinRetrieval0.3特征数组\pics\batch4\72.jpg
0 0 0 0 0 0 2 0 0 1 127 0 0 0 0 0 0 0 0 0 0 0 0 0 0 0 32 0 0 0 0 0 0 0 0 0 0 0 0 0 0 0 2 0 0 0 0 0 0 0 0 0 0 0 0 0 0 0 0 0 0 0 0 0 F:\毕业论文\SkinRetrieval0.3特征数组\pics\batch4\73.jpg
0 0 0 0 0 0 2 0 0 3 127 0 0 0 0 0 0 0 0 0 0 0 0 0 0 0 46 0 0 0 0 0 0 0 0 0 0 0 0 0 0 0 7 0 0 0 0 0 0 0 0 0 0 0 0 0 0 0 0 0 0 0 0 0 F:\毕业论文\SkinRetrieval0.3特征数组\pics\batch4\74.jpg
0 0 0 0 0 0 1 0 0 1 127 0 0 0 0 0 0 0 0 0 0 0 0 0 0 0 8 0 0 0 0 0 0 0 0 0 0 0 0 0 0 0 0 0 0 0 0 0 0 0 0 0 0 0 0 0 0 0 0 0 0 0 0 0 F:\毕业论文\SkinRetrieval0.3特征数组\pics\batch4\75.jpg
0 0 0 0 0 0 2 0 0 2 127 0 0 0 0 0 0 0 0 0 0 0 1 0 0 0 44 0 0 0 0 0 0 0 0 0 0 0 0 0 0 0 0 0 0 0 0 0 0 0 0 0 0 0 0 0 0 0 0 0 0 0 0 0 F:\毕业论文\SkinRetrieval0.3特征数组\pics\batch4\76.jpg
0 0 0 0 0 0 1 0 0 1 127 0 0 0 0 0 0 0 0 0 0 0 0 0 0 0 9 0 0 0 0 0 0 0 0 0 0 0 0 0 0 0 1 0 0 0 0 0 0 0 0 0 0 0 0 0 0 0 0 0 0 0 0 0 F:\毕业论文\SkinRetrieval0.3特征数组\pics\batch4\77.jpg
0 0 0 0 0 0 2 0 0 2 127 0 0 0 0 0 0 0 0 0 0 0 0 0 0 0 41 0 0 0 0 0 0 0 0 0 0 0 0 0 0 0 11 0 0 0 0 0 0 0 0 0 0 0 0 0 0 0 0 0 0 0 0 0 F:\毕业论文\SkinRetrieval0.3特征数组\pics\batch4\78.jpg
0 0 0 0 0 0 3 0 0 2 127 0 0 0 0 0 0 0 0 0 0 0 0 0 0 0 102 0 0 0 0 0 0 0 0 0 0 0 0 0 0 0 4 0 0 0 0 0 0 0 0 0 0 0 0 0 0 0 0 0 0 0 0 0 F:\毕业论文\SkinRetrieval0.3特征数组\pics\batch4\79.jpg
0 0 0 0 0 0 2 0 0 1 127 0 0 0 0 0 0 0 0 0 0 0 0 0 0 0 30 0 0 0 0 0 0 0 0 0 0 0 0 0 0 0 0 0 0 0 0 0 0 0 0 0 0 0 0 0 0 0 0 0 0 0 0 0 F:\毕业论文\SkinRetrieval0.3特征数组\pics\batch4\8.jpg
0 0 0 0 0 1 3 0 0 1 127 0 0 0 0 0 0 0 0 0 0 0 0 0 0 0 10 0 0 0 0 0 0 0 0 0 0 0 0 0 0 0 7 0 0 0 0 0 0 0 0 0 0 0 0 0 0 0 0 0 0 0 0 0 F:\毕业论文\SkinRetrieval0.3特征数组\pics\batch4\80.jpg
0 0 0 0 0 5 1 0 0 2 127 0 0 0 0 0 0 0 0 0 0 12 0 0 0 4 1 0 0 0 0 0 0 0 0 0 0 1 0 0 0 1 0 0 0 0 0 0 0 0 0 0 0 0 0 0 0 0 0 0 0 0 0 0 F:\毕业论文\SkinRetrieval0.3特征数组\pics\batch4\81.jpg
0 0 0 0 0 0 0 0 0 0 127 0 0 0 0 0 0 0 0 0 0 0 5 0 0 0 7 0 0 0 0 0 0 0 0 0 0 0 0 0 0 0 0 0 0 0 0 0 0 0 0 0 0 0 0 0 0 0 0 0 0 0 0 0 F:\毕业论文\SkinRetrieval0.3特征数组\pics\batch4\82.jpg
0 0 0 0 0 1 0 0 0 1 127 0 0 0 0 0 0 0 0 0 0 11 0 0 0 1 0 0 0 0 0 0 0 0 0 0 0 4 0 0 0 0 0 0 0 0 0 0 0 0 0 0 0 0 0 0 0 0 0 0 0 0 0 0 F:\毕业论文\SkinRetrieval0.3特征数组\pics\batch4\83.jpg
0 0 0 0 0 0 1 0 0 1 127 0 0 0 0 0 0 0 0 0 0 0 0 0 0 0 15 0 0 0 0 0 0 0 0 0 0 0 0 0 0 0 11 0 0 0 0 0 0 0 0 0 0 0 0 0 0 0 0 0 0 0 0 0 F:\毕业论文\SkinRetrieval0.3特征数组\pics\batch4\9.jpg
