64 9 207 0 0 0 0 0 63 230 82 16 177 108 70 177 64 162 222 0 0 0 0 0 64 78 128 0 0 0 0 0 64 81 192 0 0 0 0 0 64 93 128 0 0 0 0 0 64 79 0 0 0 0 0 0 64 84 64 0 0 0 0 0 64 84 192 0 0 0 0 0 64 108 0 0 0 0 0 0 64 89 192 0 0 0 0 0 64 86 128 0 0 0 0 0 64 91 64 0 0 0 0 0 64 100 160 0 0 0 0 0 64 85 192 0 0 0 0 0 64 80 0 0 0 0 0 0 64 76 0 0 0 0 0 0 64 75 128 0 0 0 0 0 F:\毕业论文\SkinRetrieval0.3特征数组\pics\batch1\1.jpg
64 9 131 0 0 0 0 0 63 245 4 42 4 9 111 116 64 162 216 0 0 0 0 0 64 86 0 0 0 0 0 0 64 84 64 0 0 0 0 0 64 89 0 0 0 0 0 0 64 83 64 0 0 0 0 0 64 87 64 0 0 0 0 0 64 87 64 0 0 0 0 0 64 93 192 0 0 0 0 0 64 86 192 0 0 0 0 0 64 88 0 0 0 0 0 0 64 91 192 0 0 0 0 0 64 93 192 0 0 0 0 0 64 81 64 0 0 0 0 0 64 89 128 0 0 0 0 0 64 93 0 0 0 0 0 0 64 83 64 0 0 0 0 0 F:\毕业论文\SkinRetrieval0.3特征数组\pics\batch1\10.jpg
64 5 94 0 0 0 0 0 63 229 145 173 10 151 206 34 64 169 204 0 0 0 0 0 64 62 0 0 0 0 0 0 64 70 128 0 0 0 0 0 64 72 0 0 0 0 0 0 64 67 0 0 0 0 0 0 64 64 128 0 0 0 0 0 64 60 0 0 0 0 0 0 64 68 128 0 0 0 0 0 64 65 128 0 0 0 0 0 64 64 128 0 0 0 0 0 64 63 0 0 0 0 0 0 64 70 128 0 0 0 0 0 64 59 0 0 0 0 0 0 64 66 128 0 0 0 0 0 64 69 0 0 0 0 0 0 64 61 0 0 0 0 0 0 F:\毕业论文\SkinRetrieval0.3特征数组\pics\batch1\11.jpg
64 11 28 0 0 0 0 0 63 243 212 46 73 144 159 17 64 159 248 0 0 0 0 0 64 85 0 0 0 0 0 0 64 94 192 0 0 0 0 0 64 96 96 0 0 0 0 0 64 86 64 0 0 0 0 0 64 88 0 0 0 0 0 0 64 90 128 0 0 0 0 0 64 103 96 0 0 0 0 0 64 89 0 0 0 0 0 0 64 93 128 0 0 0 0 0 64 97 96 0 0 0 0 0 64 104 128 0 0 0 0 0 64 88 64 0 0 0 0 0 64 90 128 0 0 0 0 0 64 96 0 0 0 0 0 0 64 88 128 0 0 0 0 0 F:\毕业论文\SkinRetrieval0.3特征数组\pics\batch1\12.jpg
64 10 93 0 0 0 0 0 64 3 224 62 50 20 100 216 64 161 106 0 0 0 0 0 64 88 128 0 0 0 0 0 64 90 64 0 0 0 0 0 64 98 128 0 0 0 0 0 64 91 64 0 0 0 0 0 64 91 0 0 0 0 0 0 64 95 0 0 0 0 0 0 64 100 224 0 0 0 0 0 64 92 128 0 0 0 0 0 64 90 0 0 0 0 0 0 64 93 0 0 0 0 0 0 64 91 0 0 0 0 0 0 64 85 128 0 0 0 0 0 64 86 192 0 0 0 0 0 64 84 128 0 0 0 0 0 64 75 128 0 0 0 0 0 F:\毕业论文\SkinRetrieval0.3特征数组\pics\batch1\13.jpg
64 8 153 0 0 0 0 0 63 249 162 149 182 135 104 80 64 165 36 0 0 0 0 0 64 73 0 0 0 0 0 0 64 81 128 0 0 0 0 0 64 90 128 0 0 0 0 0 64 80 192 0 0 0 0 0 64 83 192 0 0 0 0 0 64 87 64 0 0 0 0 0 64 84 64 0 0 0 0 0 64 83 0 0 0 0 0 0 64 86 0 0 0 0 0 0 64 84 128 0 0 0 0 0 64 89 64 0 0 0 0 0 64 83 128 0 0 0 0 0 64 73 0 0 0 0 0 0 64 80 0 0 0 0 0 0 64 74 128 0 0 0 0 0 F:\毕业论文\SkinRetrieval0.3特征数组\pics\batch1\14.jpg
64 8 209 0 0 0 0 0 63 242 33 6 210 25 32 162 64 164 210 0 0 0 0 0 64 84 128 0 0 0 0 0 64 82 0 0 0 0 0 0 64 90 0 0 0 0 0 0 64 85 0 0 0 0 0 0 64 86 0 0 0 0 0 0 64 84 128 0 0 0 0 0 64 86 192 0 0 0 0 0 64 82 64 0 0 0 0 0 64 84 64 0 0 0 0 0 64 84 192 0 0 0 0 0 64 87 192 0 0 0 0 0 64 79 128 0 0 0 0 0 64 76 128 0 0 0 0 0 64 83 192 0 0 0 0 0 64 70 128 0 0 0 0 0 F:\毕业论文\SkinRetrieval0.3特征数组\pics\batch1\15.jpg
64 7 209 0 0 0 0 0 63 230 160 162 216 33 190 217 64 164 196 0 0 0 0 0 64 76 128 0 0 0 0 0 64 76 128 0 0 0 0 0 64 86 0 0 0 0 0 0 64 82 192 0 0 0 0 0 64 83 192 0 0 0 0 0 64 84 64 0 0 0 0 0 64 91 64 0 0 0 0 0 64 83 192 0 0 0 0 0 64 82 0 0 0 0 0 0 64 84 192 0 0 0 0 0 64 90 0 0 0 0 0 0 64 86 0 0 0 0 0 0 64 85 64 0 0 0 0 0 64 85 128 0 0 0 0 0 64 69 128 0 0 0 0 0 F:\毕业论文\SkinRetrieval0.3特征数组\pics\batch1\16.jpg
64 10 177 0 0 0 0 0 63 231 213 55 221 43 193 106 64 160 0 0 0 0 0 0 64 96 0 0 0 0 0 0 64 93 0 0 0 0 0 0 64 98 0 0 0 0 0 0 64 87 0 0 0 0 0 0 64 92 192 0 0 0 0 0 64 89 128 0 0 0 0 0 64 94 0 0 0 0 0 0 64 91 64 0 0 0 0 0 64 93 128 0 0 0 0 0 64 92 128 0 0 0 0 0 64 98 160 0 0 0 0 0 64 91 64 0 0 0 0 0 64 95 192 0 0 0 0 0 64 97 0 0 0 0 0 0 64 93 64 0 0 0 0 0 F:\毕业论文\SkinRetrieval0.3特征数组\pics\batch1\2.jpg
64 8 1 0 0 0 0 0 63 244 101 135 72 138 254 213 64 166 132 0 0 0 0 0 64 73 128 0 0 0 0 0 64 80 128 0 0 0 0 0 64 82 192 0 0 0 0 0 64 80 192 0 0 0 0 0 64 80 192 0 0 0 0 0 64 72 0 0 0 0 0 0 64 77 128 0 0 0 0 0 64 75 0 0 0 0 0 0 64 80 192 0 0 0 0 0 64 74 128 0 0 0 0 0 64 90 64 0 0 0 0 0 64 81 128 0 0 0 0 0 64 82 128 0 0 0 0 0 64 76 128 0 0 0 0 0 64 72 128 0 0 0 0 0 F:\毕业论文\SkinRetrieval0.3特征数组\pics\batch1\3.jpg
64 8 5 0 0 0 0 0 63 225 116 4 21 240 62 198 64 166 240 0 0 0 0 0 64 73 0 0 0 0 0 0 64 69 0 0 0 0 0 0 64 81 192 0 0 0 0 0 64 75 0 0 0 0 0 0 64 72 128 0 0 0 0 0 64 74 0 0 0 0 0 0 64 77 128 0 0 0 0 0 64 82 64 0 0 0 0 0 64 83 128 0 0 0 0 0 64 78 0 0 0 0 0 0 64 92 64 0 0 0 0 0 64 80 128 0 0 0 0 0 64 78 128 0 0 0 0 0 64 69 128 0 0 0 0 0 64 66 128 0 0 0 0 0 F:\毕业论文\SkinRetrieval0.3特征数组\pics\batch1\4.jpg
64 9 163 0 0 0 0 0 64 3 67 224 88 228 73 230 64 160 158 0 0 0 0 0 64 92 192 0 0 0 0 0 64 96 32 0 0 0 0 0 64 96 192 0 0 0 0 0 64 89 128 0 0 0 0 0 64 92 128 0 0 0 0 0 64 94 64 0 0 0 0 0 64 93 192 0 0 0 0 0 64 88 128 0 0 0 0 0 64 86 128 0 0 0 0 0 64 89 64 0 0 0 0 0 64 97 32 0 0 0 0 0 64 88 64 0 0 0 0 0 64 93 192 0 0 0 0 0 64 96 128 0 0 0 0 0 64 91 64 0 0 0 0 0 F:\毕业论文\SkinRetrieval0.3特征数组\pics\batch1\5.jpg
64 9 84 0 0 0 0 0 64 5 93 34 216 5 85 32 64 163 126 0 0 0 0 0 64 90 64 0 0 0 0 0 64 86 0 0 0 0 0 0 64 95 64 0 0 0 0 0 64 90 128 0 0 0 0 0 64 80 128 0 0 0 0 0 64 86 128 0 0 0 0 0 64 85 192 0 0 0 0 0 64 82 0 0 0 0 0 0 64 82 128 0 0 0 0 0 64 83 192 0 0 0 0 0 64 90 192 0 0 0 0 0 64 87 0 0 0 0 0 0 64 84 192 0 0 0 0 0 64 89 128 0 0 0 0 0 64 82 64 0 0 0 0 0 F:\毕业论文\SkinRetrieval0.3特征数组\pics\batch1\6.jpg
64 9 120 0 0 0 0 0 64 0 162 41 133 57 25 26 64 161 40 0 0 0 0 0 64 92 0 0 0 0 0 0 64 89 64 0 0 0 0 0 64 93 64 0 0 0 0 0 64 89 192 0 0 0 0 0 64 90 192 0 0 0 0 0 64 89 64 0 0 0 0 0 64 94 0 0 0 0 0 0 64 86 192 0 0 0 0 0 64 88 192 0 0 0 0 0 64 87 128 0 0 0 0 0 64 96 224 0 0 0 0 0 64 88 128 0 0 0 0 0 64 97 64 0 0 0 0 0 64 99 0 0 0 0 0 0 64 84 0 0 0 0 0 0 F:\毕业论文\SkinRetrieval0.3特征数组\pics\batch1\7.jpg
64 8 151 0 0 0 0 0 64 2 242 230 196 105 5 249 64 163 44 0 0 0 0 0 64 85 0 0 0 0 0 0 64 86 192 0 0 0 0 0 64 96 192 0 0 0 0 0 64 88 128 0 0 0 0 0 64 88 0 0 0 0 0 0 64 86 128 0 0 0 0 0 64 90 64 0 0 0 0 0 64 84 192 0 0 0 0 0 64 84 192 0 0 0 0 0 64 86 64 0 0 0 0 0 64 89 128 0 0 0 0 0 64 83 128 0 0 0 0 0 64 85 64 0 0 0 0 0 64 87 0 0 0 0 0 0 64 84 0 0 0 0 0 0 F:\毕业论文\SkinRetrieval0.3特征数组\pics\batch1\8.jpg
64 9 253 0 0 0 0 0 63 221 50 183 71 76 131 234 64 163 80 0 0 0 0 0 64 82 0 0 0 0 0 0 64 84 64 0 0 0 0 0 64 94 192 0 0 0 0 0 64 87 0 0 0 0 0 0 64 92 64 0 0 0 0 0 64 93 128 0 0 0 0 0 64 97 192 0 0 0 0 0 64 88 64 0 0 0 0 0 64 85 192 0 0 0 0 0 64 82 0 0 0 0 0 0 64 88 64 0 0 0 0 0 64 79 128 0 0 0 0 0 64 81 0 0 0 0 0 0 64 83 192 0 0 0 0 0 64 81 0 0 0 0 0 0 F:\毕业论文\SkinRetrieval0.3特征数组\pics\batch1\9.jpg
64 6 253 0 0 0 0 0 63 224 60 226 217 167 61 51 64 168 104 0 0 0 0 0 64 73 0 0 0 0 0 0 64 78 0 0 0 0 0 0 64 84 128 0 0 0 0 0 64 67 128 0 0 0 0 0 64 66 0 0 0 0 0 0 64 72 128 0 0 0 0 0 64 70 0 0 0 0 0 0 64 69 0 0 0 0 0 0 64 71 0 0 0 0 0 0 64 73 0 0 0 0 0 0 64 80 192 0 0 0 0 0 64 69 0 0 0 0 0 0 64 70 128 0 0 0 0 0 64 67 0 0 0 0 0 0 64 62 0 0 0 0 0 0 F:\毕业论文\SkinRetrieval0.3特征数组\pics\batch2\1.jpg
64 1 229 0 0 0 0 0 63 185 10 247 118 90 119 29 64 172 112 0 0 0 0 0 64 42 0 0 0 0 0 0 64 48 0 0 0 0 0 0 64 44 0 0 0 0 0 0 64 40 0 0 0 0 0 0 64 42 0 0 0 0 0 0 64 34 0 0 0 0 0 0 64 46 0 0 0 0 0 0 64 32 0 0 0 0 0 0 64 44 0 0 0 0 0 0 64 46 0 0 0 0 0 0 64 55 0 0 0 0 0 0 64 28 0 0 0 0 0 0 64 40 0 0 0 0 0 0 64 51 0 0 0 0 0 0 64 44 0 0 0 0 0 0 F:\毕业论文\SkinRetrieval0.3特征数组\pics\batch2\10.jpg
64 3 77 0 0 0 0 0 63 208 153 26 156 51 146 75 64 172 108 0 0 0 0 0 64 40 0 0 0 0 0 0 64 42 0 0 0 0 0 0 64 56 0 0 0 0 0 0 64 36 0 0 0 0 0 0 64 44 0 0 0 0 0 0 64 32 0 0 0 0 0 0 64 49 0 0 0 0 0 0 64 40 0 0 0 0 0 0 64 24 0 0 0 0 0 0 64 34 0 0 0 0 0 0 64 64 0 0 0 0 0 0 64 38 0 0 0 0 0 0 64 44 0 0 0 0 0 0 64 46 0 0 0 0 0 0 64 34 0 0 0 0 0 0 F:\毕业论文\SkinRetrieval0.3特征数组\pics\batch2\11.jpg
64 6 166 0 0 0 0 0 63 237 59 111 254 60 54 110 64 168 126 0 0 0 0 0 64 80 64 0 0 0 0 0 64 74 0 0 0 0 0 0 64 81 192 0 0 0 0 0 64 66 128 0 0 0 0 0 64 68 0 0 0 0 0 0 64 62 0 0 0 0 0 0 64 65 0 0 0 0 0 0 64 65 128 0 0 0 0 0 64 68 0 0 0 0 0 0 64 70 0 0 0 0 0 0 64 82 64 0 0 0 0 0 64 73 0 0 0 0 0 0 64 72 128 0 0 0 0 0 64 71 0 0 0 0 0 0 64 69 128 0 0 0 0 0 F:\毕业论文\SkinRetrieval0.3特征数组\pics\batch2\12.jpg
64 6 120 0 0 0 0 0 63 240 99 196 84 202 193 184 64 168 130 0 0 0 0 0 64 50 0 0 0 0 0 0 64 55 0 0 0 0 0 0 64 67 0 0 0 0 0 0 64 69 0 0 0 0 0 0 64 68 128 0 0 0 0 0 64 66 0 0 0 0 0 0 64 68 0 0 0 0 0 0 64 68 0 0 0 0 0 0 64 76 128 0 0 0 0 0 64 80 64 0 0 0 0 0 64 88 128 0 0 0 0 0 64 74 128 0 0 0 0 0 64 73 128 0 0 0 0 0 64 79 128 0 0 0 0 0 64 69 0 0 0 0 0 0 F:\毕业论文\SkinRetrieval0.3特征数组\pics\batch2\13.jpg
64 10 105 0 0 0 0 0 64 9 111 176 78 72 144 22 64 162 42 0 0 0 0 0 64 92 0 0 0 0 0 0 64 89 64 0 0 0 0 0 64 97 192 0 0 0 0 0 64 86 0 0 0 0 0 0 64 83 128 0 0 0 0 0 64 83 192 0 0 0 0 0 64 88 0 0 0 0 0 0 64 87 128 0 0 0 0 0 64 87 128 0 0 0 0 0 64 89 128 0 0 0 0 0 64 100 192 0 0 0 0 0 64 92 64 0 0 0 0 0 64 86 192 0 0 0 0 0 64 87 192 0 0 0 0 0 64 81 0 0 0 0 0 0 F:\毕业论文\SkinRetrieval0.3特征数组\pics\batch2\14.jpg
64 10 102 0 0 0 0 0 63 246 122 189 241 38 41 118 64 161 116 0 0 0 0 0 64 88 0 0 0 0 0 0 64 87 64 0 0 0 0 0 64 96 0 0 0 0 0 0 64 90 128 0 0 0 0 0 64 89 0 0 0 0 0 0 64 84 192 0 0 0 0 0 64 96 32 0 0 0 0 0 64 93 192 0 0 0 0 0 64 94 0 0 0 0 0 0 64 96 192 0 0 0 0 0 64 97 64 0 0 0 0 0 64 91 0 0 0 0 0 0 64 91 0 0 0 0 0 0 64 88 128 0 0 0 0 0 64 73 0 0 0 0 0 0 F:\毕业论文\SkinRetrieval0.3特征数组\pics\batch2\15.jpg
64 2 243 0 0 0 0 0 63 192 172 157 171 165 241 121 64 172 76 0 0 0 0 0 64 36 0 0 0 0 0 0 64 42 0 0 0 0 0 0 64 54 0 0 0 0 0 0 64 46 0 0 0 0 0 0 64 44 0 0 0 0 0 0 64 46 0 0 0 0 0 0 64 58 0 0 0 0 0 0 64 42 0 0 0 0 0 0 64 46 0 0 0 0 0 0 64 51 0 0 0 0 0 0 64 50 0 0 0 0 0 0 64 38 0 0 0 0 0 0 64 32 0 0 0 0 0 0 64 34 0 0 0 0 0 0 64 44 0 0 0 0 0 0 F:\毕业论文\SkinRetrieval0.3特征数组\pics\batch2\16.jpg
64 7 46 0 0 0 0 0 63 219 69 182 84 205 36 45 64 166 2 0 0 0 0 0 64 77 128 0 0 0 0 0 64 80 192 0 0 0 0 0 64 92 128 0 0 0 0 0 64 76 128 0 0 0 0 0 64 79 0 0 0 0 0 0 64 79 0 0 0 0 0 0 64 86 0 0 0 0 0 0 64 79 128 0 0 0 0 0 64 82 0 0 0 0 0 0 64 80 64 0 0 0 0 0 64 85 128 0 0 0 0 0 64 79 0 0 0 0 0 0 64 77 128 0 0 0 0 0 64 80 192 0 0 0 0 0 64 70 0 0 0 0 0 0 F:\毕业论文\SkinRetrieval0.3特征数组\pics\batch2\17.jpg
64 8 34 0 0 0 0 0 63 215 222 199 201 227 12 215 64 165 18 0 0 0 0 0 64 83 192 0 0 0 0 0 64 88 192 0 0 0 0 0 64 96 192 0 0 0 0 0 64 80 64 0 0 0 0 0 64 83 128 0 0 0 0 0 64 81 0 0 0 0 0 0 64 88 0 0 0 0 0 0 64 69 128 0 0 0 0 0 64 75 128 0 0 0 0 0 64 76 0 0 0 0 0 0 64 87 0 0 0 0 0 0 64 78 128 0 0 0 0 0 64 80 192 0 0 0 0 0 64 84 192 0 0 0 0 0 64 81 192 0 0 0 0 0 F:\毕业论文\SkinRetrieval0.3特征数组\pics\batch2\18.jpg
64 10 49 0 0 0 0 0 63 243 252 204 10 162 99 77 64 161 202 0 0 0 0 0 64 92 64 0 0 0 0 0 64 91 64 0 0 0 0 0 64 94 64 0 0 0 0 0 64 86 192 0 0 0 0 0 64 88 192 0 0 0 0 0 64 84 192 0 0 0 0 0 64 87 128 0 0 0 0 0 64 89 192 0 0 0 0 0 64 85 64 0 0 0 0 0 64 88 128 0 0 0 0 0 64 97 96 0 0 0 0 0 64 88 192 0 0 0 0 0 64 94 0 0 0 0 0 0 64 96 96 0 0 0 0 0 64 84 128 0 0 0 0 0 F:\毕业论文\SkinRetrieval0.3特征数组\pics\batch2\19.jpg
64 11 11 0 0 0 0 0 63 239 181 162 78 199 40 229 64 160 94 0 0 0 0 0 64 88 0 0 0 0 0 0 64 93 128 0 0 0 0 0 64 98 96 0 0 0 0 0 64 85 128 0 0 0 0 0 64 84 128 0 0 0 0 0 64 87 64 0 0 0 0 0 64 97 160 0 0 0 0 0 64 92 192 0 0 0 0 0 64 88 192 0 0 0 0 0 64 92 128 0 0 0 0 0 64 99 160 0 0 0 0 0 64 90 0 0 0 0 0 0 64 98 160 0 0 0 0 0 64 99 96 0 0 0 0 0 64 87 64 0 0 0 0 0 F:\毕业论文\SkinRetrieval0.3特征数组\pics\batch2\2.jpg
64 3 5 0 0 0 0 0 63 206 117 213 108 162 46 245 64 171 26 0 0 0 0 0 64 36 0 0 0 0 0 0 64 48 0 0 0 0 0 0 64 54 0 0 0 0 0 0 64 40 0 0 0 0 0 0 64 54 0 0 0 0 0 0 64 56 0 0 0 0 0 0 64 62 0 0 0 0 0 0 64 65 128 0 0 0 0 0 64 68 0 0 0 0 0 0 64 66 128 0 0 0 0 0 64 74 128 0 0 0 0 0 64 61 0 0 0 0 0 0 64 40 0 0 0 0 0 0 64 49 0 0 0 0 0 0 64 48 0 0 0 0 0 0 F:\毕业论文\SkinRetrieval0.3特征数组\pics\batch2\20.jpg
64 9 18 0 0 0 0 0 63 242 158 119 239 152 245 140 64 166 88 0 0 0 0 0 64 85 128 0 0 0 0 0 64 81 192 0 0 0 0 0 64 91 64 0 0 0 0 0 64 80 64 0 0 0 0 0 64 86 128 0 0 0 0 0 64 78 128 0 0 0 0 0 64 78 128 0 0 0 0 0 64 74 0 0 0 0 0 0 64 78 128 0 0 0 0 0 64 72 128 0 0 0 0 0 64 74 128 0 0 0 0 0 64 67 0 0 0 0 0 0 64 73 0 0 0 0 0 0 64 82 128 0 0 0 0 0 64 80 0 0 0 0 0 0 F:\毕业论文\SkinRetrieval0.3特征数组\pics\batch2\21.jpg
64 10 40 0 0 0 0 0 64 1 197 210 137 153 255 14 64 162 186 0 0 0 0 0 64 76 0 0 0 0 0 0 64 87 64 0 0 0 0 0 64 88 192 0 0 0 0 0 64 80 0 0 0 0 0 0 64 84 0 0 0 0 0 0 64 85 192 0 0 0 0 0 64 94 0 0 0 0 0 0 64 94 64 0 0 0 0 0 64 99 128 0 0 0 0 0 64 97 64 0 0 0 0 0 64 95 64 0 0 0 0 0 64 90 0 0 0 0 0 0 64 82 128 0 0 0 0 0 64 82 64 0 0 0 0 0 64 76 128 0 0 0 0 0 F:\毕业论文\SkinRetrieval0.3特征数组\pics\batch2\22.jpg
64 6 26 0 0 0 0 0 63 213 179 164 154 185 240 113 64 169 124 0 0 0 0 0 64 75 128 0 0 0 0 0 64 75 0 0 0 0 0 0 64 77 0 0 0 0 0 0 64 57 0 0 0 0 0 0 64 61 0 0 0 0 0 0 64 55 0 0 0 0 0 0 64 64 0 0 0 0 0 0 64 62 0 0 0 0 0 0 64 59 0 0 0 0 0 0 64 65 0 0 0 0 0 0 64 67 0 0 0 0 0 0 64 63 0 0 0 0 0 0 64 70 128 0 0 0 0 0 64 74 128 0 0 0 0 0 64 72 0 0 0 0 0 0 F:\毕业论文\SkinRetrieval0.3特征数组\pics\batch2\23.jpg
64 5 183 0 0 0 0 0 63 234 41 170 124 111 183 136 64 169 150 0 0 0 0 0 64 66 0 0 0 0 0 0 64 60 0 0 0 0 0 0 64 80 128 0 0 0 0 0 64 64 128 0 0 0 0 0 64 69 128 0 0 0 0 0 64 71 0 0 0 0 0 0 64 73 0 0 0 0 0 0 64 69 128 0 0 0 0 0 64 65 0 0 0 0 0 0 64 69 0 0 0 0 0 0 64 68 128 0 0 0 0 0 64 61 0 0 0 0 0 0 64 64 0 0 0 0 0 0 64 64 0 0 0 0 0 0 64 44 0 0 0 0 0 0 F:\毕业论文\SkinRetrieval0.3特征数组\pics\batch2\24.jpg
64 4 41 0 0 0 0 0 63 212 99 92 41 105 44 12 64 170 202 0 0 0 0 0 64 58 0 0 0 0 0 0 64 61 0 0 0 0 0 0 64 69 0 0 0 0 0 0 64 55 0 0 0 0 0 0 64 64 0 0 0 0 0 0 64 60 0 0 0 0 0 0 64 65 0 0 0 0 0 0 64 51 0 0 0 0 0 0 64 53 0 0 0 0 0 0 64 49 0 0 0 0 0 0 64 68 128 0 0 0 0 0 64 52 0 0 0 0 0 0 64 53 0 0 0 0 0 0 64 65 128 0 0 0 0 0 64 59 0 0 0 0 0 0 F:\毕业论文\SkinRetrieval0.3特征数组\pics\batch2\25.jpg
64 10 45 0 0 0 0 0 63 217 161 161 76 10 141 64 64 161 58 0 0 0 0 0 64 94 128 0 0 0 0 0 64 92 0 0 0 0 0 0 64 97 192 0 0 0 0 0 64 83 128 0 0 0 0 0 64 88 64 0 0 0 0 0 64 86 192 0 0 0 0 0 64 97 224 0 0 0 0 0 64 88 192 0 0 0 0 0 64 92 128 0 0 0 0 0 64 88 192 0 0 0 0 0 64 100 128 0 0 0 0 0 64 85 0 0 0 0 0 0 64 90 0 0 0 0 0 0 64 89 128 0 0 0 0 0 64 86 0 0 0 0 0 0 F:\毕业论文\SkinRetrieval0.3特征数组\pics\batch2\26.jpg
64 6 127 0 0 0 0 0 63 243 138 99 84 82 183 83 64 167 142 0 0 0 0 0 64 75 0 0 0 0 0 0 64 77 128 0 0 0 0 0 64 84 0 0 0 0 0 0 64 74 0 0 0 0 0 0 64 74 128 0 0 0 0 0 64 70 128 0 0 0 0 0 64 80 0 0 0 0 0 0 64 73 128 0 0 0 0 0 64 74 0 0 0 0 0 0 64 69 128 0 0 0 0 0 64 69 0 0 0 0 0 0 64 77 0 0 0 0 0 0 64 71 0 0 0 0 0 0 64 82 64 0 0 0 0 0 64 76 128 0 0 0 0 0 F:\毕业论文\SkinRetrieval0.3特征数组\pics\batch2\27.jpg
64 11 58 0 0 0 0 0 63 233 23 73 123 223 204 135 64 156 236 0 0 0 0 0 64 88 192 0 0 0 0 0 64 93 64 0 0 0 0 0 64 94 0 0 0 0 0 0 64 89 0 0 0 0 0 0 64 91 64 0 0 0 0 0 64 96 64 0 0 0 0 0 64 104 192 0 0 0 0 0 64 100 192 0 0 0 0 0 64 98 160 0 0 0 0 0 64 98 224 0 0 0 0 0 64 100 192 0 0 0 0 0 64 94 0 0 0 0 0 0 64 96 224 0 0 0 0 0 64 96 160 0 0 0 0 0 64 89 0 0 0 0 0 0 F:\毕业论文\SkinRetrieval0.3特征数组\pics\batch2\28.jpg
64 7 126 0 0 0 0 0 63 231 114 244 199 223 250 66 64 166 108 0 0 0 0 0 64 79 128 0 0 0 0 0 64 79 0 0 0 0 0 0 64 87 128 0 0 0 0 0 64 76 0 0 0 0 0 0 64 81 64 0 0 0 0 0 64 71 128 0 0 0 0 0 64 81 0 0 0 0 0 0 64 78 128 0 0 0 0 0 64 79 128 0 0 0 0 0 64 84 128 0 0 0 0 0 64 85 128 0 0 0 0 0 64 76 128 0 0 0 0 0 64 80 64 0 0 0 0 0 64 76 128 0 0 0 0 0 64 70 0 0 0 0 0 0 F:\毕业论文\SkinRetrieval0.3特征数组\pics\batch2\29.jpg
64 8 176 0 0 0 0 0 63 248 39 163 154 253 164 248 64 162 22 0 0 0 0 0 64 84 64 0 0 0 0 0 64 88 64 0 0 0 0 0 64 95 128 0 0 0 0 0 64 86 64 0 0 0 0 0 64 87 128 0 0 0 0 0 64 89 128 0 0 0 0 0 64 97 0 0 0 0 0 0 64 90 192 0 0 0 0 0 64 87 192 0 0 0 0 0 64 88 0 0 0 0 0 0 64 96 64 0 0 0 0 0 64 91 192 0 0 0 0 0 64 90 128 0 0 0 0 0 64 89 192 0 0 0 0 0 64 76 0 0 0 0 0 0 F:\毕业论文\SkinRetrieval0.3特征数组\pics\batch2\3.jpg
64 10 24 0 0 0 0 0 64 0 7 140 68 202 63 0 64 163 88 0 0 0 0 0 64 86 128 0 0 0 0 0 64 88 192 0 0 0 0 0 64 93 0 0 0 0 0 0 64 88 0 0 0 0 0 0 64 84 192 0 0 0 0 0 64 85 192 0 0 0 0 0 64 88 64 0 0 0 0 0 64 89 192 0 0 0 0 0 64 82 128 0 0 0 0 0 64 84 0 0 0 0 0 0 64 94 0 0 0 0 0 0 64 87 64 0 0 0 0 0 64 81 64 0 0 0 0 0 64 88 128 0 0 0 0 0 64 79 128 0 0 0 0 0 F:\毕业论文\SkinRetrieval0.3特征数组\pics\batch2\30.jpg
64 7 58 0 0 0 0 0 63 243 9 40 150 199 156 149 64 168 80 0 0 0 0 0 64 68 128 0 0 0 0 0 64 74 128 0 0 0 0 0 64 84 0 0 0 0 0 0 64 72 128 0 0 0 0 0 64 72 128 0 0 0 0 0 64 71 128 0 0 0 0 0 64 76 128 0 0 0 0 0 64 62 0 0 0 0 0 0 64 71 0 0 0 0 0 0 64 66 0 0 0 0 0 0 64 81 0 0 0 0 0 0 64 72 128 0 0 0 0 0 64 73 0 0 0 0 0 0 64 67 0 0 0 0 0 0 64 67 128 0 0 0 0 0 F:\毕业论文\SkinRetrieval0.3特征数组\pics\batch2\31.jpg
64 4 200 0 0 0 0 0 63 203 99 203 133 130 44 122 64 170 88 0 0 0 0 0 64 64 128 0 0 0 0 0 64 63 0 0 0 0 0 0 64 69 128 0 0 0 0 0 64 64 128 0 0 0 0 0 64 61 0 0 0 0 0 0 64 68 128 0 0 0 0 0 64 69 0 0 0 0 0 0 64 60 0 0 0 0 0 0 64 51 0 0 0 0 0 0 64 52 0 0 0 0 0 0 64 67 0 0 0 0 0 0 64 59 0 0 0 0 0 0 64 63 0 0 0 0 0 0 64 62 0 0 0 0 0 0 64 59 0 0 0 0 0 0 F:\毕业论文\SkinRetrieval0.3特征数组\pics\batch2\32.jpg
64 7 132 0 0 0 0 0 63 225 53 11 101 128 89 241 64 166 196 0 0 0 0 0 64 66 0 0 0 0 0 0 64 67 128 0 0 0 0 0 64 85 128 0 0 0 0 0 64 77 128 0 0 0 0 0 64 78 128 0 0 0 0 0 64 84 64 0 0 0 0 0 64 88 64 0 0 0 0 0 64 74 128 0 0 0 0 0 64 79 128 0 0 0 0 0 64 77 128 0 0 0 0 0 64 84 128 0 0 0 0 0 64 75 128 0 0 0 0 0 64 77 128 0 0 0 0 0 64 80 128 0 0 0 0 0 64 65 0 0 0 0 0 0 F:\毕业论文\SkinRetrieval0.3特征数组\pics\batch2\33.jpg
64 10 136 0 0 0 0 0 63 233 18 80 187 105 102 60 64 158 108 0 0 0 0 0 64 92 192 0 0 0 0 0 64 92 192 0 0 0 0 0 64 99 0 0 0 0 0 0 64 92 0 0 0 0 0 0 64 96 0 0 0 0 0 0 64 96 64 0 0 0 0 0 64 103 64 0 0 0 0 0 64 90 0 0 0 0 0 0 64 95 192 0 0 0 0 0 64 96 64 0 0 0 0 0 64 98 32 0 0 0 0 0 64 92 0 0 0 0 0 0 64 95 128 0 0 0 0 0 64 96 224 0 0 0 0 0 64 84 0 0 0 0 0 0 F:\毕业论文\SkinRetrieval0.3特征数组\pics\batch2\34.jpg
64 7 48 0 0 0 0 0 63 233 59 186 219 171 131 188 64 167 156 0 0 0 0 0 64 73 128 0 0 0 0 0 64 77 0 0 0 0 0 0 64 81 192 0 0 0 0 0 64 70 0 0 0 0 0 0 64 70 128 0 0 0 0 0 64 75 0 0 0 0 0 0 64 81 192 0 0 0 0 0 64 81 64 0 0 0 0 0 64 81 128 0 0 0 0 0 64 83 0 0 0 0 0 0 64 82 64 0 0 0 0 0 64 72 128 0 0 0 0 0 64 64 128 0 0 0 0 0 64 62 0 0 0 0 0 0 64 60 0 0 0 0 0 0 F:\毕业论文\SkinRetrieval0.3特征数组\pics\batch2\35.jpg
64 10 129 0 0 0 0 0 63 246 81 25 143 118 140 153 64 160 246 0 0 0 0 0 64 89 192 0 0 0 0 0 64 92 0 0 0 0 0 0 64 94 192 0 0 0 0 0 64 85 0 0 0 0 0 0 64 89 64 0 0 0 0 0 64 87 64 0 0 0 0 0 64 92 0 0 0 0 0 0 64 90 64 0 0 0 0 0 64 86 192 0 0 0 0 0 64 94 64 0 0 0 0 0 64 103 160 0 0 0 0 0 64 93 192 0 0 0 0 0 64 96 224 0 0 0 0 0 64 93 192 0 0 0 0 0 64 80 128 0 0 0 0 0 F:\毕业论文\SkinRetrieval0.3特征数组\pics\batch2\36.jpg
64 4 236 0 0 0 0 0 63 228 131 83 21 244 91 249 64 170 22 0 0 0 0 0 64 59 0 0 0 0 0 0 64 66 0 0 0 0 0 0 64 71 128 0 0 0 0 0 64 55 0 0 0 0 0 0 64 61 0 0 0 0 0 0 64 53 0 0 0 0 0 0 64 64 128 0 0 0 0 0 64 60 0 0 0 0 0 0 64 57 0 0 0 0 0 0 64 66 128 0 0 0 0 0 64 78 128 0 0 0 0 0 64 66 128 0 0 0 0 0 64 65 0 0 0 0 0 0 64 68 0 0 0 0 0 0 64 59 0 0 0 0 0 0 F:\毕业论文\SkinRetrieval0.3特征数组\pics\batch2\37.jpg
64 9 154 0 0 0 0 0 64 3 69 87 100 56 243 56 64 161 130 0 0 0 0 0 64 84 64 0 0 0 0 0 64 87 64 0 0 0 0 0 64 92 0 0 0 0 0 0 64 81 0 0 0 0 0 0 64 83 128 0 0 0 0 0 64 85 192 0 0 0 0 0 64 90 192 0 0 0 0 0 64 87 64 0 0 0 0 0 64 89 192 0 0 0 0 0 64 88 64 0 0 0 0 0 64 102 160 0 0 0 0 0 64 95 0 0 0 0 0 0 64 99 128 0 0 0 0 0 64 95 0 0 0 0 0 0 64 88 192 0 0 0 0 0 F:\毕业论文\SkinRetrieval0.3特征数组\pics\batch2\38.jpg
64 10 200 0 0 0 0 0 64 0 125 209 56 34 23 34 64 158 16 0 0 0 0 0 64 92 128 0 0 0 0 0 64 93 0 0 0 0 0 0 64 99 0 0 0 0 0 0 64 87 0 0 0 0 0 0 64 94 192 0 0 0 0 0 64 96 160 0 0 0 0 0 64 103 0 0 0 0 0 0 64 101 32 0 0 0 0 0 64 98 96 0 0 0 0 0 64 94 192 0 0 0 0 0 64 98 128 0 0 0 0 0 64 89 0 0 0 0 0 0 64 95 192 0 0 0 0 0 64 93 64 0 0 0 0 0 64 82 192 0 0 0 0 0 F:\毕业论文\SkinRetrieval0.3特征数组\pics\batch2\39.jpg
64 9 50 0 0 0 0 0 63 203 184 216 202 253 184 171 64 162 228 0 0 0 0 0 64 87 192 0 0 0 0 0 64 89 128 0 0 0 0 0 64 104 0 0 0 0 0 0 64 84 192 0 0 0 0 0 64 88 128 0 0 0 0 0 64 84 128 0 0 0 0 0 64 99 192 0 0 0 0 0 64 84 192 0 0 0 0 0 64 81 192 0 0 0 0 0 64 88 128 0 0 0 0 0 64 94 192 0 0 0 0 0 64 72 0 0 0 0 0 0 64 81 64 0 0 0 0 0 64 80 192 0 0 0 0 0 64 76 128 0 0 0 0 0 F:\毕业论文\SkinRetrieval0.3特征数组\pics\batch2\4.jpg
64 9 228 0 0 0 0 0 63 248 255 23 83 97 237 215 64 160 48 0 0 0 0 0 64 87 128 0 0 0 0 0 64 90 128 0 0 0 0 0 64 96 160 0 0 0 0 0 64 89 64 0 0 0 0 0 64 92 0 0 0 0 0 0 64 98 64 0 0 0 0 0 64 92 64 0 0 0 0 0 64 94 0 0 0 0 0 0 64 92 192 0 0 0 0 0 64 96 128 0 0 0 0 0 64 98 32 0 0 0 0 0 64 89 192 0 0 0 0 0 64 96 32 0 0 0 0 0 64 96 0 0 0 0 0 0 64 87 192 0 0 0 0 0 F:\毕业论文\SkinRetrieval0.3特征数组\pics\batch2\40.jpg
64 8 238 0 0 0 0 0 63 225 248 238 7 251 164 44 64 162 168 0 0 0 0 0 64 87 0 0 0 0 0 0 64 88 128 0 0 0 0 0 64 96 64 0 0 0 0 0 64 89 0 0 0 0 0 0 64 84 64 0 0 0 0 0 64 85 64 0 0 0 0 0 64 91 128 0 0 0 0 0 64 83 64 0 0 0 0 0 64 86 192 0 0 0 0 0 64 88 64 0 0 0 0 0 64 98 128 0 0 0 0 0 64 82 192 0 0 0 0 0 64 88 0 0 0 0 0 0 64 87 192 0 0 0 0 0 64 84 64 0 0 0 0 0 F:\毕业论文\SkinRetrieval0.3特征数组\pics\batch2\41.jpg
64 8 115 0 0 0 0 0 63 234 57 29 39 113 251 168 64 164 2 0 0 0 0 0 64 79 128 0 0 0 0 0 64 78 128 0 0 0 0 0 64 90 64 0 0 0 0 0 64 89 64 0 0 0 0 0 64 89 128 0 0 0 0 0 64 96 192 0 0 0 0 0 64 97 128 0 0 0 0 0 64 86 64 0 0 0 0 0 64 89 128 0 0 0 0 0 64 86 0 0 0 0 0 0 64 85 128 0 0 0 0 0 64 77 128 0 0 0 0 0 64 74 0 0 0 0 0 0 64 77 0 0 0 0 0 0 64 69 128 0 0 0 0 0 F:\毕业论文\SkinRetrieval0.3特征数组\pics\batch2\42.jpg
64 9 51 0 0 0 0 0 64 4 77 70 62 142 206 128 64 163 84 0 0 0 0 0 64 84 192 0 0 0 0 0 64 84 64 0 0 0 0 0 64 94 64 0 0 0 0 0 64 90 192 0 0 0 0 0 64 89 192 0 0 0 0 0 64 86 192 0 0 0 0 0 64 89 192 0 0 0 0 0 64 90 192 0 0 0 0 0 64 89 64 0 0 0 0 0 64 87 128 0 0 0 0 0 64 89 0 0 0 0 0 0 64 85 128 0 0 0 0 0 64 83 0 0 0 0 0 0 64 79 0 0 0 0 0 0 64 75 128 0 0 0 0 0 F:\毕业论文\SkinRetrieval0.3特征数组\pics\batch2\43.jpg
64 9 128 0 0 0 0 0 64 8 193 38 221 60 212 219 64 163 204 0 0 0 0 0 64 87 0 0 0 0 0 0 64 90 64 0 0 0 0 0 64 94 64 0 0 0 0 0 64 85 64 0 0 0 0 0 64 83 0 0 0 0 0 0 64 80 128 0 0 0 0 0 64 89 128 0 0 0 0 0 64 87 64 0 0 0 0 0 64 83 192 0 0 0 0 0 64 81 0 0 0 0 0 0 64 88 128 0 0 0 0 0 64 88 0 0 0 0 0 0 64 81 192 0 0 0 0 0 64 88 64 0 0 0 0 0 64 78 128 0 0 0 0 0 F:\毕业论文\SkinRetrieval0.3特征数组\pics\batch2\44.jpg
64 11 67 0 0 0 0 0 63 240 50 170 146 130 30 105 64 159 92 0 0 0 0 0 64 95 64 0 0 0 0 0 64 98 0 0 0 0 0 0 64 103 128 0 0 0 0 0 64 95 64 0 0 0 0 0 64 89 128 0 0 0 0 0 64 89 128 0 0 0 0 0 64 100 224 0 0 0 0 0 64 85 64 0 0 0 0 0 64 90 64 0 0 0 0 0 64 91 0 0 0 0 0 0 64 97 0 0 0 0 0 0 64 86 64 0 0 0 0 0 64 96 160 0 0 0 0 0 64 94 128 0 0 0 0 0 64 90 128 0 0 0 0 0 F:\毕业论文\SkinRetrieval0.3特征数组\pics\batch2\45.jpg
64 10 210 0 0 0 0 0 63 251 171 201 69 58 188 155 64 159 100 0 0 0 0 0 64 95 192 0 0 0 0 0 64 95 128 0 0 0 0 0 64 95 128 0 0 0 0 0 64 91 128 0 0 0 0 0 64 93 0 0 0 0 0 0 64 87 192 0 0 0 0 0 64 97 0 0 0 0 0 0 64 90 128 0 0 0 0 0 64 87 0 0 0 0 0 0 64 93 64 0 0 0 0 0 64 100 224 0 0 0 0 0 64 97 64 0 0 0 0 0 64 96 96 0 0 0 0 0 64 97 96 0 0 0 0 0 64 91 64 0 0 0 0 0 F:\毕业论文\SkinRetrieval0.3特征数组\pics\batch2\46.jpg
64 8 182 0 0 0 0 0 63 253 192 51 101 135 35 53 64 162 222 0 0 0 0 0 64 88 64 0 0 0 0 0 64 88 0 0 0 0 0 0 64 95 192 0 0 0 0 0 64 91 64 0 0 0 0 0 64 91 192 0 0 0 0 0 64 90 64 0 0 0 0 0 64 90 192 0 0 0 0 0 64 83 64 0 0 0 0 0 64 81 64 0 0 0 0 0 64 86 0 0 0 0 0 0 64 91 128 0 0 0 0 0 64 87 64 0 0 0 0 0 64 84 128 0 0 0 0 0 64 86 128 0 0 0 0 0 64 81 0 0 0 0 0 0 F:\毕业论文\SkinRetrieval0.3特征数组\pics\batch2\5.jpg
64 7 34 0 0 0 0 0 63 240 171 146 49 252 157 65 64 165 250 0 0 0 0 0 64 74 0 0 0 0 0 0 64 71 0 0 0 0 0 0 64 84 0 0 0 0 0 0 64 70 128 0 0 0 0 0 64 78 128 0 0 0 0 0 64 73 128 0 0 0 0 0 64 81 64 0 0 0 0 0 64 86 0 0 0 0 0 0 64 83 0 0 0 0 0 0 64 85 128 0 0 0 0 0 64 92 128 0 0 0 0 0 64 76 0 0 0 0 0 0 64 85 128 0 0 0 0 0 64 80 128 0 0 0 0 0 64 75 128 0 0 0 0 0 F:\毕业论文\SkinRetrieval0.3特征数组\pics\batch2\6.jpg
64 5 112 0 0 0 0 0 63 231 179 179 238 94 254 236 64 170 8 0 0 0 0 0 64 46 0 0 0 0 0 0 64 57 0 0 0 0 0 0 64 54 0 0 0 0 0 0 64 46 0 0 0 0 0 0 64 44 0 0 0 0 0 0 64 40 0 0 0 0 0 0 64 65 0 0 0 0 0 0 64 55 0 0 0 0 0 0 64 66 128 0 0 0 0 0 64 69 0 0 0 0 0 0 64 83 192 0 0 0 0 0 64 77 128 0 0 0 0 0 64 79 0 0 0 0 0 0 64 70 0 0 0 0 0 0 64 61 0 0 0 0 0 0 F:\毕业论文\SkinRetrieval0.3特征数组\pics\batch2\7.jpg
64 9 17 0 0 0 0 0 63 251 135 33 44 253 114 87 64 163 242 0 0 0 0 0 64 80 128 0 0 0 0 0 64 81 0 0 0 0 0 0 64 92 128 0 0 0 0 0 64 81 192 0 0 0 0 0 64 79 128 0 0 0 0 0 64 75 128 0 0 0 0 0 64 87 192 0 0 0 0 0 64 85 64 0 0 0 0 0 64 85 0 0 0 0 0 0 64 87 0 0 0 0 0 0 64 94 0 0 0 0 0 0 64 89 128 0 0 0 0 0 64 89 0 0 0 0 0 0 64 86 64 0 0 0 0 0 64 85 192 0 0 0 0 0 F:\毕业论文\SkinRetrieval0.3特征数组\pics\batch2\8.jpg
64 4 242 0 0 0 0 0 63 195 222 54 72 124 19 162 64 170 60 0 0 0 0 0 64 57 0 0 0 0 0 0 64 56 0 0 0 0 0 0 64 71 0 0 0 0 0 0 64 65 0 0 0 0 0 0 64 63 0 0 0 0 0 0 64 65 0 0 0 0 0 0 64 77 128 0 0 0 0 0 64 68 128 0 0 0 0 0 64 68 128 0 0 0 0 0 64 65 0 0 0 0 0 0 64 70 0 0 0 0 0 0 64 56 0 0 0 0 0 0 64 52 0 0 0 0 0 0 64 44 0 0 0 0 0 0 64 46 0 0 0 0 0 0 F:\毕业论文\SkinRetrieval0.3特征数组\pics\batch2\9.jpg
64 5 226 0 0 0 0 0 63 242 30 77 34 165 79 253 64 169 108 0 0 0 0 0 64 68 0 0 0 0 0 0 64 61 0 0 0 0 0 0 64 74 128 0 0 0 0 0 64 62 0 0 0 0 0 0 64 64 0 0 0 0 0 0 64 64 128 0 0 0 0 0 64 65 0 0 0 0 0 0 64 54 0 0 0 0 0 0 64 65 0 0 0 0 0 0 64 65 0 0 0 0 0 0 64 76 128 0 0 0 0 0 64 68 0 0 0 0 0 0 64 76 0 0 0 0 0 0 64 73 0 0 0 0 0 0 64 71 0 0 0 0 0 0 F:\毕业论文\SkinRetrieval0.3特征数组\pics\batch3\1.jpg
64 2 174 0 0 0 0 0 63 200 191 194 110 194 44 23 64 172 142 0 0 0 0 0 64 32 0 0 0 0 0 0 64 20 0 0 0 0 0 0 64 36 0 0 0 0 0 0 64 36 0 0 0 0 0 0 64 34 0 0 0 0 0 0 64 24 0 0 0 0 0 0 64 48 0 0 0 0 0 0 64 52 0 0 0 0 0 0 64 46 0 0 0 0 0 0 64 49 0 0 0 0 0 0 64 56 0 0 0 0 0 0 64 40 0 0 0 0 0 0 64 44 0 0 0 0 0 0 64 38 0 0 0 0 0 0 64 40 0 0 0 0 0 0 F:\毕业论文\SkinRetrieval0.3特征数组\pics\batch3\10.jpg
64 3 197 0 0 0 0 0 63 210 37 243 41 34 163 110 64 171 124 0 0 0 0 0 64 51 0 0 0 0 0 0 64 48 0 0 0 0 0 0 64 54 0 0 0 0 0 0 64 40 0 0 0 0 0 0 64 49 0 0 0 0 0 0 64 44 0 0 0 0 0 0 64 56 0 0 0 0 0 0 64 44 0 0 0 0 0 0 64 64 0 0 0 0 0 0 64 67 0 0 0 0 0 0 64 68 0 0 0 0 0 0 64 49 0 0 0 0 0 0 64 48 0 0 0 0 0 0 64 54 0 0 0 0 0 0 64 55 0 0 0 0 0 0 F:\毕业论文\SkinRetrieval0.3特征数组\pics\batch3\11.jpg
64 4 2 0 0 0 0 0 63 201 2 173 159 204 160 117 64 171 108 0 0 0 0 0 64 52 0 0 0 0 0 0 64 52 0 0 0 0 0 0 64 61 0 0 0 0 0 0 64 40 0 0 0 0 0 0 64 52 0 0 0 0 0 0 64 46 0 0 0 0 0 0 64 65 0 0 0 0 0 0 64 52 0 0 0 0 0 0 64 49 0 0 0 0 0 0 64 48 0 0 0 0 0 0 64 66 128 0 0 0 0 0 64 56 0 0 0 0 0 0 64 50 0 0 0 0 0 0 64 55 0 0 0 0 0 0 64 61 0 0 0 0 0 0 F:\毕业论文\SkinRetrieval0.3特征数组\pics\batch3\12.jpg
64 5 183 0 0 0 0 0 63 193 99 205 71 90 215 88 64 170 138 0 0 0 0 0 64 49 0 0 0 0 0 0 64 63 0 0 0 0 0 0 64 78 128 0 0 0 0 0 64 55 0 0 0 0 0 0 64 55 0 0 0 0 0 0 64 58 0 0 0 0 0 0 64 68 128 0 0 0 0 0 64 42 0 0 0 0 0 0 64 48 0 0 0 0 0 0 64 56 0 0 0 0 0 0 64 83 128 0 0 0 0 0 64 59 0 0 0 0 0 0 64 48 0 0 0 0 0 0 64 61 0 0 0 0 0 0 64 54 0 0 0 0 0 0 F:\毕业论文\SkinRetrieval0.3特征数组\pics\batch3\13.jpg
64 4 76 0 0 0 0 0 63 211 252 65 1 45 86 134 64 170 142 0 0 0 0 0 64 55 0 0 0 0 0 0 64 55 0 0 0 0 0 0 64 68 128 0 0 0 0 0 64 63 0 0 0 0 0 0 64 69 0 0 0 0 0 0 64 52 0 0 0 0 0 0 64 69 128 0 0 0 0 0 64 58 0 0 0 0 0 0 64 65 128 0 0 0 0 0 64 60 0 0 0 0 0 0 64 67 128 0 0 0 0 0 64 50 0 0 0 0 0 0 64 57 0 0 0 0 0 0 64 56 0 0 0 0 0 0 64 59 0 0 0 0 0 0 F:\毕业论文\SkinRetrieval0.3特征数组\pics\batch3\14.jpg
64 3 111 0 0 0 0 0 63 204 19 51 173 230 228 49 64 171 232 0 0 0 0 0 64 50 0 0 0 0 0 0 64 34 0 0 0 0 0 0 64 53 0 0 0 0 0 0 64 28 0 0 0 0 0 0 64 36 0 0 0 0 0 0 64 46 0 0 0 0 0 0 64 57 0 0 0 0 0 0 64 49 0 0 0 0 0 0 64 52 0 0 0 0 0 0 64 64 128 0 0 0 0 0 64 69 128 0 0 0 0 0 64 51 0 0 0 0 0 0 64 44 0 0 0 0 0 0 64 42 0 0 0 0 0 0 64 32 0 0 0 0 0 0 F:\毕业论文\SkinRetrieval0.3特征数组\pics\batch3\15.jpg
64 3 165 0 0 0 0 0 63 197 63 53 2 112 114 204 64 171 246 0 0 0 0 0 64 42 0 0 0 0 0 0 64 42 0 0 0 0 0 0 64 50 0 0 0 0 0 0 64 49 0 0 0 0 0 0 64 42 0 0 0 0 0 0 64 48 0 0 0 0 0 0 64 50 0 0 0 0 0 0 64 46 0 0 0 0 0 0 64 32 0 0 0 0 0 0 64 51 0 0 0 0 0 0 64 63 0 0 0 0 0 0 64 58 0 0 0 0 0 0 64 61 0 0 0 0 0 0 64 51 0 0 0 0 0 0 64 36 0 0 0 0 0 0 F:\毕业论文\SkinRetrieval0.3特征数组\pics\batch3\16.jpg
64 9 249 0 0 0 0 0 63 251 174 228 78 37 101 52 64 162 26 0 0 0 0 0 64 93 0 0 0 0 0 0 64 89 64 0 0 0 0 0 64 98 32 0 0 0 0 0 64 92 64 0 0 0 0 0 64 92 128 0 0 0 0 0 64 94 64 0 0 0 0 0 64 92 64 0 0 0 0 0 64 88 128 0 0 0 0 0 64 87 64 0 0 0 0 0 64 86 64 0 0 0 0 0 64 90 64 0 0 0 0 0 64 83 128 0 0 0 0 0 64 85 64 0 0 0 0 0 64 85 64 0 0 0 0 0 64 81 192 0 0 0 0 0 F:\毕业论文\SkinRetrieval0.3特征数组\pics\batch3\17.jpg
64 10 36 0 0 0 0 0 63 232 156 3 47 60 106 130 64 161 112 0 0 0 0 0 64 95 0 0 0 0 0 0 64 96 0 0 0 0 0 0 64 100 96 0 0 0 0 0 64 84 192 0 0 0 0 0 64 84 128 0 0 0 0 0 64 84 192 0 0 0 0 0 64 95 192 0 0 0 0 0 64 80 128 0 0 0 0 0 64 79 128 0 0 0 0 0 64 82 128 0 0 0 0 0 64 95 128 0 0 0 0 0 64 86 64 0 0 0 0 0 64 93 192 0 0 0 0 0 64 93 128 0 0 0 0 0 64 100 224 0 0 0 0 0 F:\毕业论文\SkinRetrieval0.3特征数组\pics\batch3\18.jpg
63 254 8 0 0 0 0 0 0 0 0 0 0 0 0 0 64 174 8 0 0 0 0 0 0 0 0 0 0 0 0 0 0 0 0 0 0 0 0 0 0 0 0 0 0 0 0 0 0 0 0 0 0 0 0 0 0 0 0 0 0 0 0 0 0 0 0 0 0 0 0 0 0 0 0 0 0 0 0 0 0 0 0 0 0 0 0 0 0 0 0 0 0 0 0 0 0 0 0 0 0 0 0 0 0 0 0 0 0 0 0 0 0 0 0 0 0 0 0 0 0 0 0 0 0 0 0 0 0 0 0 0 0 0 0 0 0 0 0 0 0 0 0 0 F:\毕业论文\SkinRetrieval0.3特征数组\pics\batch3\19.jpg
64 5 109 0 0 0 0 0 63 216 57 32 142 44 138 103 64 170 140 0 0 0 0 0 64 44 0 0 0 0 0 0 64 52 0 0 0 0 0 0 64 66 0 0 0 0 0 0 64 44 0 0 0 0 0 0 64 62 0 0 0 0 0 0 64 65 0 0 0 0 0 0 64 79 128 0 0 0 0 0 64 71 128 0 0 0 0 0 64 64 0 0 0 0 0 0 64 65 128 0 0 0 0 0 64 70 0 0 0 0 0 0 64 40 0 0 0 0 0 0 64 51 0 0 0 0 0 0 64 60 0 0 0 0 0 0 64 50 0 0 0 0 0 0 F:\毕业论文\SkinRetrieval0.3特征数组\pics\batch3\2.jpg
64 5 203 0 0 0 0 0 63 207 110 131 94 82 82 139 64 169 144 0 0 0 0 0 64 64 128 0 0 0 0 0 64 60 0 0 0 0 0 0 64 72 128 0 0 0 0 0 64 50 0 0 0 0 0 0 64 64 0 0 0 0 0 0 64 54 0 0 0 0 0 0 64 70 0 0 0 0 0 0 64 58 0 0 0 0 0 0 64 65 0 0 0 0 0 0 64 67 128 0 0 0 0 0 64 87 64 0 0 0 0 0 64 73 128 0 0 0 0 0 64 69 128 0 0 0 0 0 64 64 128 0 0 0 0 0 64 59 0 0 0 0 0 0 F:\毕业论文\SkinRetrieval0.3特征数组\pics\batch3\20.jpg
64 7 91 0 0 0 0 0 63 237 114 207 0 112 89 247 64 167 74 0 0 0 0 0 64 71 128 0 0 0 0 0 64 72 0 0 0 0 0 0 64 86 192 0 0 0 0 0 64 70 128 0 0 0 0 0 64 74 0 0 0 0 0 0 64 72 128 0 0 0 0 0 64 95 128 0 0 0 0 0 64 87 64 0 0 0 0 0 64 84 192 0 0 0 0 0 64 78 128 0 0 0 0 0 64 82 0 0 0 0 0 0 64 54 0 0 0 0 0 0 64 54 0 0 0 0 0 0 64 56 0 0 0 0 0 0 64 60 0 0 0 0 0 0 F:\毕业论文\SkinRetrieval0.3特征数组\pics\batch3\21.jpg
64 6 56 0 0 0 0 0 63 220 190 101 127 115 130 252 64 167 244 0 0 0 0 0 64 75 0 0 0 0 0 0 64 80 0 0 0 0 0 0 64 82 128 0 0 0 0 0 64 72 128 0 0 0 0 0 64 66 0 0 0 0 0 0 64 66 128 0 0 0 0 0 64 76 128 0 0 0 0 0 64 56 0 0 0 0 0 0 64 67 0 0 0 0 0 0 64 71 128 0 0 0 0 0 64 84 0 0 0 0 0 0 64 70 0 0 0 0 0 0 64 77 128 0 0 0 0 0 64 81 128 0 0 0 0 0 64 70 128 0 0 0 0 0 F:\毕业论文\SkinRetrieval0.3特征数组\pics\batch3\22.jpg
64 6 7 0 0 0 0 0 63 234 241 206 83 232 177 20 64 168 156 0 0 0 0 0 64 75 0 0 0 0 0 0 64 67 0 0 0 0 0 0 64 75 128 0 0 0 0 0 64 64 128 0 0 0 0 0 64 77 0 0 0 0 0 0 64 73 128 0 0 0 0 0 64 81 192 0 0 0 0 0 64 73 0 0 0 0 0 0 64 66 128 0 0 0 0 0 64 70 0 0 0 0 0 0 64 74 0 0 0 0 0 0 64 67 0 0 0 0 0 0 64 68 0 0 0 0 0 0 64 67 128 0 0 0 0 0 64 65 0 0 0 0 0 0 F:\毕业论文\SkinRetrieval0.3特征数组\pics\batch3\23.jpg
64 6 85 0 0 0 0 0 63 215 54 191 142 200 193 130 64 171 20 0 0 0 0 0 64 48 0 0 0 0 0 0 64 44 0 0 0 0 0 0 64 71 0 0 0 0 0 0 64 53 0 0 0 0 0 0 64 54 0 0 0 0 0 0 64 48 0 0 0 0 0 0 64 64 0 0 0 0 0 0 64 57 0 0 0 0 0 0 64 55 0 0 0 0 0 0 64 52 0 0 0 0 0 0 64 78 0 0 0 0 0 0 64 55 0 0 0 0 0 0 64 51 0 0 0 0 0 0 64 55 0 0 0 0 0 0 64 50 0 0 0 0 0 0 F:\毕业论文\SkinRetrieval0.3特征数组\pics\batch3\24.jpg
64 5 129 0 0 0 0 0 63 243 89 29 237 213 114 246 64 167 196 0 0 0 0 0 64 65 0 0 0 0 0 0 64 65 0 0 0 0 0 0 64 82 0 0 0 0 0 0 64 69 128 0 0 0 0 0 64 64 0 0 0 0 0 0 64 65 128 0 0 0 0 0 64 69 0 0 0 0 0 0 64 69 0 0 0 0 0 0 64 77 128 0 0 0 0 0 64 82 0 0 0 0 0 0 64 89 64 0 0 0 0 0 64 84 64 0 0 0 0 0 64 77 128 0 0 0 0 0 64 77 0 0 0 0 0 0 64 67 0 0 0 0 0 0 F:\毕业论文\SkinRetrieval0.3特征数组\pics\batch3\25.jpg
64 4 114 0 0 0 0 0 63 225 144 150 126 189 230 144 64 172 44 0 0 0 0 0 64 46 0 0 0 0 0 0 64 42 0 0 0 0 0 0 64 69 0 0 0 0 0 0 64 40 0 0 0 0 0 0 64 42 0 0 0 0 0 0 64 44 0 0 0 0 0 0 64 50 0 0 0 0 0 0 64 44 0 0 0 0 0 0 64 24 0 0 0 0 0 0 64 36 0 0 0 0 0 0 64 57 0 0 0 0 0 0 64 42 0 0 0 0 0 0 64 46 0 0 0 0 0 0 64 38 0 0 0 0 0 0 64 49 0 0 0 0 0 0 F:\毕业论文\SkinRetrieval0.3特征数组\pics\batch3\26.jpg
64 5 78 0 0 0 0 0 63 240 206 170 76 36 245 112 64 170 6 0 0 0 0 0 64 58 0 0 0 0 0 0 64 52 0 0 0 0 0 0 64 75 0 0 0 0 0 0 64 65 0 0 0 0 0 0 64 73 128 0 0 0 0 0 64 56 0 0 0 0 0 0 64 67 128 0 0 0 0 0 64 62 0 0 0 0 0 0 64 54 0 0 0 0 0 0 64 58 0 0 0 0 0 0 64 69 128 0 0 0 0 0 64 64 0 0 0 0 0 0 64 67 128 0 0 0 0 0 64 69 128 0 0 0 0 0 64 62 0 0 0 0 0 0 F:\毕业论文\SkinRetrieval0.3特征数组\pics\batch3\27.jpg
64 8 241 0 0 0 0 0 63 248 232 13 80 229 45 177 64 165 232 0 0 0 0 0 64 96 0 0 0 0 0 0 64 90 128 0 0 0 0 0 64 97 192 0 0 0 0 0 64 83 128 0 0 0 0 0 64 82 64 0 0 0 0 0 64 74 128 0 0 0 0 0 64 75 0 0 0 0 0 0 64 64 0 0 0 0 0 0 64 65 0 0 0 0 0 0 64 68 128 0 0 0 0 0 64 67 128 0 0 0 0 0 64 65 128 0 0 0 0 0 64 76 128 0 0 0 0 0 64 82 192 0 0 0 0 0 64 87 64 0 0 0 0 0 F:\毕业论文\SkinRetrieval0.3特征数组\pics\batch3\28.jpg
64 3 92 0 0 0 0 0 63 173 172 88 173 22 59 19 64 172 32 0 0 0 0 0 64 34 0 0 0 0 0 0 64 55 0 0 0 0 0 0 64 67 0 0 0 0 0 0 64 28 0 0 0 0 0 0 64 50 0 0 0 0 0 0 64 34 0 0 0 0 0 0 64 55 0 0 0 0 0 0 64 44 0 0 0 0 0 0 64 44 0 0 0 0 0 0 64 44 0 0 0 0 0 0 64 56 0 0 0 0 0 0 64 24 0 0 0 0 0 0 64 42 0 0 0 0 0 0 64 51 0 0 0 0 0 0 64 42 0 0 0 0 0 0 F:\毕业论文\SkinRetrieval0.3特征数组\pics\batch3\29.jpg
64 7 249 0 0 0 0 0 63 249 243 217 236 66 182 179 64 164 92 0 0 0 0 0 64 85 64 0 0 0 0 0 64 83 192 0 0 0 0 0 64 96 64 0 0 0 0 0 64 83 128 0 0 0 0 0 64 82 128 0 0 0 0 0 64 82 192 0 0 0 0 0 64 95 192 0 0 0 0 0 64 84 192 0 0 0 0 0 64 87 0 0 0 0 0 0 64 84 64 0 0 0 0 0 64 86 192 0 0 0 0 0 64 80 0 0 0 0 0 0 64 78 0 0 0 0 0 0 64 81 0 0 0 0 0 0 64 73 128 0 0 0 0 0 F:\毕业论文\SkinRetrieval0.3特征数组\pics\batch3\3.jpg
64 2 142 0 0 0 0 0 63 197 214 6 8 16 65 31 64 172 160 0 0 0 0 0 64 28 0 0 0 0 0 0 64 24 0 0 0 0 0 0 64 34 0 0 0 0 0 0 64 34 0 0 0 0 0 0 64 36 0 0 0 0 0 0 64 42 0 0 0 0 0 0 64 40 0 0 0 0 0 0 64 44 0 0 0 0 0 0 64 46 0 0 0 0 0 0 64 48 0 0 0 0 0 0 64 65 0 0 0 0 0 0 64 32 0 0 0 0 0 0 64 36 0 0 0 0 0 0 64 32 0 0 0 0 0 0 64 34 0 0 0 0 0 0 F:\毕业论文\SkinRetrieval0.3特征数组\pics\batch3\30.jpg
64 5 74 0 0 0 0 0 63 226 199 160 83 255 228 47 64 168 198 0 0 0 0 0 64 60 0 0 0 0 0 0 64 66 0 0 0 0 0 0 64 87 0 0 0 0 0 0 64 77 0 0 0 0 0 0 64 78 128 0 0 0 0 0 64 68 128 0 0 0 0 0 64 70 0 0 0 0 0 0 64 68 128 0 0 0 0 0 64 64 0 0 0 0 0 0 64 55 0 0 0 0 0 0 64 81 0 0 0 0 0 0 64 69 0 0 0 0 0 0 64 62 0 0 0 0 0 0 64 68 0 0 0 0 0 0 64 66 128 0 0 0 0 0 F:\毕业论文\SkinRetrieval0.3特征数组\pics\batch3\31.jpg
64 6 22 0 0 0 0 0 63 226 10 160 153 167 23 109 64 168 206 0 0 0 0 0 64 67 0 0 0 0 0 0 64 68 128 0 0 0 0 0 64 68 0 0 0 0 0 0 64 64 0 0 0 0 0 0 64 66 128 0 0 0 0 0 64 74 128 0 0 0 0 0 64 83 128 0 0 0 0 0 64 71 128 0 0 0 0 0 64 68 128 0 0 0 0 0 64 66 0 0 0 0 0 0 64 81 64 0 0 0 0 0 64 68 0 0 0 0 0 0 64 70 128 0 0 0 0 0 64 65 0 0 0 0 0 0 64 67 0 0 0 0 0 0 F:\毕业论文\SkinRetrieval0.3特征数组\pics\batch3\32.jpg
64 3 185 0 0 0 0 0 63 215 221 253 115 197 102 17 64 171 238 0 0 0 0 0 64 42 0 0 0 0 0 0 64 48 0 0 0 0 0 0 64 58 0 0 0 0 0 0 64 40 0 0 0 0 0 0 64 48 0 0 0 0 0 0 64 40 0 0 0 0 0 0 64 53 0 0 0 0 0 0 64 51 0 0 0 0 0 0 64 49 0 0 0 0 0 0 64 51 0 0 0 0 0 0 64 65 128 0 0 0 0 0 64 48 0 0 0 0 0 0 64 46 0 0 0 0 0 0 64 53 0 0 0 0 0 0 64 38 0 0 0 0 0 0 F:\毕业论文\SkinRetrieval0.3特征数组\pics\batch3\33.jpg
64 4 155 0 0 0 0 0 63 231 153 174 178 199 24 175 64 170 46 0 0 0 0 0 64 63 0 0 0 0 0 0 64 54 0 0 0 0 0 0 64 68 128 0 0 0 0 0 64 53 0 0 0 0 0 0 64 52 0 0 0 0 0 0 64 56 0 0 0 0 0 0 64 69 0 0 0 0 0 0 64 70 0 0 0 0 0 0 64 72 0 0 0 0 0 0 64 64 128 0 0 0 0 0 64 72 128 0 0 0 0 0 64 56 0 0 0 0 0 0 64 61 0 0 0 0 0 0 64 61 0 0 0 0 0 0 64 66 0 0 0 0 0 0 F:\毕业论文\SkinRetrieval0.3特征数组\pics\batch3\34.jpg
64 4 222 0 0 0 0 0 63 244 254 195 222 120 38 130 64 170 136 0 0 0 0 0 64 58 0 0 0 0 0 0 64 65 0 0 0 0 0 0 64 75 128 0 0 0 0 0 64 65 128 0 0 0 0 0 64 65 128 0 0 0 0 0 64 68 0 0 0 0 0 0 64 73 128 0 0 0 0 0 64 61 0 0 0 0 0 0 64 54 0 0 0 0 0 0 64 46 0 0 0 0 0 0 64 66 0 0 0 0 0 0 64 44 0 0 0 0 0 0 64 48 0 0 0 0 0 0 64 53 0 0 0 0 0 0 64 51 0 0 0 0 0 0 F:\毕业论文\SkinRetrieval0.3特征数组\pics\batch3\35.jpg
64 10 188 0 0 0 0 0 63 240 25 137 196 54 61 189 64 161 106 0 0 0 0 0 64 87 192 0 0 0 0 0 64 96 0 0 0 0 0 0 64 98 192 0 0 0 0 0 64 92 64 0 0 0 0 0 64 90 64 0 0 0 0 0 64 93 0 0 0 0 0 0 64 98 32 0 0 0 0 0 64 87 192 0 0 0 0 0 64 90 192 0 0 0 0 0 64 86 64 0 0 0 0 0 64 89 192 0 0 0 0 0 64 88 128 0 0 0 0 0 64 88 192 0 0 0 0 0 64 86 128 0 0 0 0 0 64 84 128 0 0 0 0 0 F:\毕业论文\SkinRetrieval0.3特征数组\pics\batch3\36.jpg
64 6 55 0 0 0 0 0 63 231 159 218 220 123 32 211 64 168 98 0 0 0 0 0 64 72 0 0 0 0 0 0 64 67 0 0 0 0 0 0 64 73 128 0 0 0 0 0 64 60 0 0 0 0 0 0 64 74 0 0 0 0 0 0 64 65 128 0 0 0 0 0 64 80 192 0 0 0 0 0 64 69 128 0 0 0 0 0 64 67 0 0 0 0 0 0 64 74 0 0 0 0 0 0 64 84 192 0 0 0 0 0 64 76 128 0 0 0 0 0 64 75 128 0 0 0 0 0 64 72 0 0 0 0 0 0 64 60 0 0 0 0 0 0 F:\毕业论文\SkinRetrieval0.3特征数组\pics\batch3\37.jpg
64 4 170 0 0 0 0 0 63 234 45 134 151 163 127 165 64 170 86 0 0 0 0 0 64 64 0 0 0 0 0 0 64 67 128 0 0 0 0 0 64 66 128 0 0 0 0 0 64 51 0 0 0 0 0 0 64 54 0 0 0 0 0 0 64 51 0 0 0 0 0 0 64 66 128 0 0 0 0 0 64 69 0 0 0 0 0 0 64 59 0 0 0 0 0 0 64 67 128 0 0 0 0 0 64 80 64 0 0 0 0 0 64 59 0 0 0 0 0 0 64 54 0 0 0 0 0 0 64 58 0 0 0 0 0 0 64 52 0 0 0 0 0 0 F:\毕业论文\SkinRetrieval0.3特征数组\pics\batch3\38.jpg
64 7 200 0 0 0 0 0 63 255 12 211 113 179 125 111 64 166 74 0 0 0 0 0 64 78 0 0 0 0 0 0 64 81 64 0 0 0 0 0 64 91 192 0 0 0 0 0 64 80 128 0 0 0 0 0 64 77 128 0 0 0 0 0 64 82 0 0 0 0 0 0 64 96 192 0 0 0 0 0 64 75 128 0 0 0 0 0 64 70 0 0 0 0 0 0 64 73 0 0 0 0 0 0 64 83 0 0 0 0 0 0 64 73 128 0 0 0 0 0 64 73 128 0 0 0 0 0 64 78 128 0 0 0 0 0 64 64 0 0 0 0 0 0 F:\毕业论文\SkinRetrieval0.3特征数组\pics\batch3\39.jpg
64 2 149 0 0 0 0 0 63 213 109 112 86 168 202 199 64 172 192 0 0 0 0 0 64 36 0 0 0 0 0 0 64 36 0 0 0 0 0 0 64 50 0 0 0 0 0 0 64 46 0 0 0 0 0 0 64 32 0 0 0 0 0 0 64 36 0 0 0 0 0 0 64 36 0 0 0 0 0 0 64 44 0 0 0 0 0 0 64 34 0 0 0 0 0 0 64 32 0 0 0 0 0 0 64 52 0 0 0 0 0 0 64 16 0 0 0 0 0 0 64 38 0 0 0 0 0 0 64 24 0 0 0 0 0 0 64 38 0 0 0 0 0 0 F:\毕业论文\SkinRetrieval0.3特征数组\pics\batch3\4.jpg
63 254 8 0 0 0 0 0 0 0 0 0 0 0 0 0 64 174 8 0 0 0 0 0 0 0 0 0 0 0 0 0 0 0 0 0 0 0 0 0 0 0 0 0 0 0 0 0 0 0 0 0 0 0 0 0 0 0 0 0 0 0 0 0 0 0 0 0 0 0 0 0 0 0 0 0 0 0 0 0 0 0 0 0 0 0 0 0 0 0 0 0 0 0 0 0 0 0 0 0 0 0 0 0 0 0 0 0 0 0 0 0 0 0 0 0 0 0 0 0 0 0 0 0 0 0 0 0 0 0 0 0 0 0 0 0 0 0 0 0 0 0 0 0 F:\毕业论文\SkinRetrieval0.3特征数组\pics\batch3\40.jpg
64 1 226 0 0 0 0 0 63 150 64 160 92 225 127 28 64 173 34 0 0 0 0 0 64 38 0 0 0 0 0 0 64 38 0 0 0 0 0 0 64 49 0 0 0 0 0 0 64 16 0 0 0 0 0 0 64 24 0 0 0 0 0 0 64 28 0 0 0 0 0 0 64 28 0 0 0 0 0 0 64 32 0 0 0 0 0 0 64 20 0 0 0 0 0 0 64 24 0 0 0 0 0 0 64 32 0 0 0 0 0 0 64 32 0 0 0 0 0 0 64 20 0 0 0 0 0 0 64 20 0 0 0 0 0 0 64 28 0 0 0 0 0 0 F:\毕业论文\SkinRetrieval0.3特征数组\pics\batch3\41.jpg
64 8 120 0 0 0 0 0 63 250 143 112 172 78 159 152 64 162 210 0 0 0 0 0 64 84 128 0 0 0 0 0 64 82 192 0 0 0 0 0 64 87 0 0 0 0 0 0 64 74 128 0 0 0 0 0 64 84 128 0 0 0 0 0 64 77 128 0 0 0 0 0 64 91 128 0 0 0 0 0 64 84 192 0 0 0 0 0 64 93 64 0 0 0 0 0 64 93 128 0 0 0 0 0 64 101 32 0 0 0 0 0 64 94 64 0 0 0 0 0 64 90 64 0 0 0 0 0 64 90 192 0 0 0 0 0 64 79 0 0 0 0 0 0 F:\毕业论文\SkinRetrieval0.3特征数组\pics\batch3\42.jpg
64 4 28 0 0 0 0 0 63 236 124 150 20 247 44 40 64 171 76 0 0 0 0 0 64 52 0 0 0 0 0 0 64 57 0 0 0 0 0 0 64 64 0 0 0 0 0 0 64 38 0 0 0 0 0 0 64 34 0 0 0 0 0 0 64 40 0 0 0 0 0 0 64 55 0 0 0 0 0 0 64 56 0 0 0 0 0 0 64 53 0 0 0 0 0 0 64 50 0 0 0 0 0 0 64 69 128 0 0 0 0 0 64 67 0 0 0 0 0 0 64 55 0 0 0 0 0 0 64 50 0 0 0 0 0 0 64 64 128 0 0 0 0 0 F:\毕业论文\SkinRetrieval0.3特征数组\pics\batch3\5.jpg
64 7 28 0 0 0 0 0 63 227 216 46 224 98 121 171 64 167 172 0 0 0 0 0 64 82 128 0 0 0 0 0 64 81 128 0 0 0 0 0 64 78 128 0 0 0 0 0 64 67 0 0 0 0 0 0 64 62 0 0 0 0 0 0 64 75 128 0 0 0 0 0 64 76 128 0 0 0 0 0 64 68 128 0 0 0 0 0 64 66 128 0 0 0 0 0 64 64 0 0 0 0 0 0 64 80 192 0 0 0 0 0 64 69 0 0 0 0 0 0 64 74 128 0 0 0 0 0 64 86 64 0 0 0 0 0 64 81 0 0 0 0 0 0 F:\毕业论文\SkinRetrieval0.3特征数组\pics\batch3\6.jpg
64 10 102 0 0 0 0 0 64 9 121 117 186 192 131 183 64 161 124 0 0 0 0 0 64 86 128 0 0 0 0 0 64 80 128 0 0 0 0 0 64 92 64 0 0 0 0 0 64 83 128 0 0 0 0 0 64 85 64 0 0 0 0 0 64 87 64 0 0 0 0 0 64 98 160 0 0 0 0 0 64 91 128 0 0 0 0 0 64 91 64 0 0 0 0 0 64 91 192 0 0 0 0 0 64 99 224 0 0 0 0 0 64 98 0 0 0 0 0 0 64 96 64 0 0 0 0 0 64 89 128 0 0 0 0 0 64 80 192 0 0 0 0 0 F:\毕业论文\SkinRetrieval0.3特征数组\pics\batch3\7.jpg
64 4 234 0 0 0 0 0 63 227 147 11 65 96 6 10 64 171 58 0 0 0 0 0 64 48 0 0 0 0 0 0 64 52 0 0 0 0 0 0 64 68 128 0 0 0 0 0 64 49 0 0 0 0 0 0 64 53 0 0 0 0 0 0 64 61 0 0 0 0 0 0 64 57 0 0 0 0 0 0 64 61 0 0 0 0 0 0 64 65 0 0 0 0 0 0 64 53 0 0 0 0 0 0 64 67 0 0 0 0 0 0 64 50 0 0 0 0 0 0 64 44 0 0 0 0 0 0 64 46 0 0 0 0 0 0 64 53 0 0 0 0 0 0 F:\毕业论文\SkinRetrieval0.3特征数组\pics\batch3\8.jpg
64 3 237 0 0 0 0 0 63 216 193 195 56 238 109 54 64 171 160 0 0 0 0 0 64 59 0 0 0 0 0 0 64 53 0 0 0 0 0 0 64 56 0 0 0 0 0 0 64 55 0 0 0 0 0 0 64 46 0 0 0 0 0 0 64 38 0 0 0 0 0 0 64 51 0 0 0 0 0 0 64 28 0 0 0 0 0 0 64 52 0 0 0 0 0 0 64 52 0 0 0 0 0 0 64 65 128 0 0 0 0 0 64 57 0 0 0 0 0 0 64 51 0 0 0 0 0 0 64 55 0 0 0 0 0 0 64 51 0 0 0 0 0 0 F:\毕业论文\SkinRetrieval0.3特征数组\pics\batch3\9.jpg
64 8 151 0 0 0 0 0 63 254 243 74 8 179 236 67 64 165 106 0 0 0 0 0 64 74 128 0 0 0 0 0 64 76 128 0 0 0 0 0 64 86 64 0 0 0 0 0 64 80 64 0 0 0 0 0 64 80 128 0 0 0 0 0 64 83 0 0 0 0 0 0 64 85 64 0 0 0 0 0 64 87 0 0 0 0 0 0 64 83 64 0 0 0 0 0 64 85 0 0 0 0 0 0 64 91 128 0 0 0 0 0 64 80 0 0 0 0 0 0 64 84 128 0 0 0 0 0 64 78 128 0 0 0 0 0 64 69 0 0 0 0 0 0 F:\毕业论文\SkinRetrieval0.3特征数组\pics\batch4\1.jpg
64 7 94 0 0 0 0 0 63 225 187 68 194 21 149 181 64 167 124 0 0 0 0 0 64 66 128 0 0 0 0 0 64 64 0 0 0 0 0 0 64 81 0 0 0 0 0 0 64 61 0 0 0 0 0 0 64 69 128 0 0 0 0 0 64 66 0 0 0 0 0 0 64 76 128 0 0 0 0 0 64 73 128 0 0 0 0 0 64 75 128 0 0 0 0 0 64 80 192 0 0 0 0 0 64 90 64 0 0 0 0 0 64 80 128 0 0 0 0 0 64 81 192 0 0 0 0 0 64 82 0 0 0 0 0 0 64 72 128 0 0 0 0 0 F:\毕业论文\SkinRetrieval0.3特征数组\pics\batch4\10.jpg
64 7 184 0 0 0 0 0 63 240 210 53 188 161 243 215 64 166 150 0 0 0 0 0 64 72 0 0 0 0 0 0 64 78 0 0 0 0 0 0 64 85 128 0 0 0 0 0 64 77 0 0 0 0 0 0 64 74 128 0 0 0 0 0 64 72 128 0 0 0 0 0 64 80 0 0 0 0 0 0 64 77 128 0 0 0 0 0 64 84 192 0 0 0 0 0 64 82 192 0 0 0 0 0 64 81 192 0 0 0 0 0 64 78 128 0 0 0 0 0 64 80 64 0 0 0 0 0 64 81 64 0 0 0 0 0 64 74 0 0 0 0 0 0 F:\毕业论文\SkinRetrieval0.3特征数组\pics\batch4\11.jpg
64 7 203 0 0 0 0 0 63 242 6 11 9 182 126 119 64 167 52 0 0 0 0 0 64 66 128 0 0 0 0 0 64 76 128 0 0 0 0 0 64 83 64 0 0 0 0 0 64 74 0 0 0 0 0 0 64 74 128 0 0 0 0 0 64 68 128 0 0 0 0 0 64 72 0 0 0 0 0 0 64 80 0 0 0 0 0 0 64 80 192 0 0 0 0 0 64 81 64 0 0 0 0 0 64 87 64 0 0 0 0 0 64 76 128 0 0 0 0 0 64 73 0 0 0 0 0 0 64 78 128 0 0 0 0 0 64 72 0 0 0 0 0 0 F:\毕业论文\SkinRetrieval0.3特征数组\pics\batch4\12.jpg
64 9 42 0 0 0 0 0 63 253 103 108 34 231 199 101 64 163 208 0 0 0 0 0 64 80 128 0 0 0 0 0 64 84 192 0 0 0 0 0 64 92 192 0 0 0 0 0 64 86 64 0 0 0 0 0 64 85 0 0 0 0 0 0 64 85 64 0 0 0 0 0 64 93 0 0 0 0 0 0 64 82 192 0 0 0 0 0 64 86 192 0 0 0 0 0 64 84 128 0 0 0 0 0 64 88 192 0 0 0 0 0 64 86 64 0 0 0 0 0 64 84 64 0 0 0 0 0 64 84 0 0 0 0 0 0 64 82 64 0 0 0 0 0 F:\毕业论文\SkinRetrieval0.3特征数组\pics\batch4\13.jpg
64 9 134 0 0 0 0 0 64 21 0 159 239 114 8 31 64 162 170 0 0 0 0 0 64 90 64 0 0 0 0 0 64 90 192 0 0 0 0 0 64 100 128 0 0 0 0 0 64 87 128 0 0 0 0 0 64 86 64 0 0 0 0 0 64 87 192 0 0 0 0 0 64 91 192 0 0 0 0 0 64 87 0 0 0 0 0 0 64 83 128 0 0 0 0 0 64 81 0 0 0 0 0 0 64 97 0 0 0 0 0 0 64 81 64 0 0 0 0 0 64 88 192 0 0 0 0 0 64 84 192 0 0 0 0 0 64 80 64 0 0 0 0 0 F:\毕业论文\SkinRetrieval0.3特征数组\pics\batch4\14.jpg
64 8 46 0 0 0 0 0 63 242 175 242 15 186 28 80 64 166 42 0 0 0 0 0 64 77 128 0 0 0 0 0 64 80 64 0 0 0 0 0 64 89 64 0 0 0 0 0 64 80 128 0 0 0 0 0 64 77 128 0 0 0 0 0 64 81 192 0 0 0 0 0 64 82 64 0 0 0 0 0 64 75 0 0 0 0 0 0 64 72 128 0 0 0 0 0 64 82 0 0 0 0 0 0 64 83 192 0 0 0 0 0 64 80 0 0 0 0 0 0 64 84 0 0 0 0 0 0 64 82 64 0 0 0 0 0 64 69 0 0 0 0 0 0 F:\毕业论文\SkinRetrieval0.3特征数组\pics\batch4\15.jpg
64 11 199 0 0 0 0 0 63 226 241 178 67 24 51 211 64 155 80 0 0 0 0 0 64 96 192 0 0 0 0 0 64 96 128 0 0 0 0 0 64 102 160 0 0 0 0 0 64 94 64 0 0 0 0 0 64 96 192 0 0 0 0 0 64 98 128 0 0 0 0 0 64 112 112 0 0 0 0 0 64 98 192 0 0 0 0 0 64 98 192 0 0 0 0 0 64 98 0 0 0 0 0 0 64 101 0 0 0 0 0 0 64 84 192 0 0 0 0 0 64 90 128 0 0 0 0 0 64 83 128 0 0 0 0 0 64 90 0 0 0 0 0 0 F:\毕业论文\SkinRetrieval0.3特征数组\pics\batch4\16.jpg
64 10 118 0 0 0 0 0 63 254 157 35 211 115 249 3 64 161 22 0 0 0 0 0 64 96 192 0 0 0 0 0 64 99 128 0 0 0 0 0 64 103 192 0 0 0 0 0 64 89 0 0 0 0 0 0 64 89 64 0 0 0 0 0 64 89 192 0 0 0 0 0 64 94 192 0 0 0 0 0 64 88 0 0 0 0 0 0 64 87 64 0 0 0 0 0 64 86 192 0 0 0 0 0 64 85 192 0 0 0 0 0 64 85 128 0 0 0 0 0 64 88 0 0 0 0 0 0 64 95 0 0 0 0 0 0 64 83 64 0 0 0 0 0 F:\毕业论文\SkinRetrieval0.3特征数组\pics\batch4\17.jpg
64 1 142 0 0 0 0 0 63 205 154 123 148 142 87 50 64 173 76 0 0 0 0 0 64 24 0 0 0 0 0 0 64 24 0 0 0 0 0 0 64 51 0 0 0 0 0 0 64 0 0 0 0 0 0 0 64 16 0 0 0 0 0 0 64 0 0 0 0 0 0 0 64 16 0 0 0 0 0 0 64 8 0 0 0 0 0 0 64 16 0 0 0 0 0 0 64 34 0 0 0 0 0 0 64 42 0 0 0 0 0 0 64 20 0 0 0 0 0 0 64 20 0 0 0 0 0 0 64 38 0 0 0 0 0 0 63 240 0 0 0 0 0 0 F:\毕业论文\SkinRetrieval0.3特征数组\pics\batch4\18.jpg
64 8 2 0 0 0 0 0 63 209 42 85 248 208 172 179 64 168 72 0 0 0 0 0 64 81 0 0 0 0 0 0 64 81 0 0 0 0 0 0 64 86 192 0 0 0 0 0 64 66 128 0 0 0 0 0 64 78 0 0 0 0 0 0 64 67 0 0 0 0 0 0 64 79 128 0 0 0 0 0 64 70 0 0 0 0 0 0 64 65 128 0 0 0 0 0 64 67 128 0 0 0 0 0 64 74 128 0 0 0 0 0 64 65 0 0 0 0 0 0 64 56 0 0 0 0 0 0 64 67 0 0 0 0 0 0 64 70 0 0 0 0 0 0 F:\毕业论文\SkinRetrieval0.3特征数组\pics\batch4\19.jpg
64 8 68 0 0 0 0 0 63 208 171 107 92 41 189 117 64 165 106 0 0 0 0 0 64 85 192 0 0 0 0 0 64 83 0 0 0 0 0 0 64 83 0 0 0 0 0 0 64 74 0 0 0 0 0 0 64 78 128 0 0 0 0 0 64 76 0 0 0 0 0 0 64 87 192 0 0 0 0 0 64 77 0 0 0 0 0 0 64 71 128 0 0 0 0 0 64 83 64 0 0 0 0 0 64 91 128 0 0 0 0 0 64 81 128 0 0 0 0 0 64 87 192 0 0 0 0 0 64 84 64 0 0 0 0 0 64 79 0 0 0 0 0 0 F:\毕业论文\SkinRetrieval0.3特征数组\pics\batch4\2.jpg
64 3 136 0 0 0 0 0 63 210 18 188 201 139 46 51 64 171 238 0 0 0 0 0 64 52 0 0 0 0 0 0 64 54 0 0 0 0 0 0 64 68 0 0 0 0 0 0 64 48 0 0 0 0 0 0 64 42 0 0 0 0 0 0 64 34 0 0 0 0 0 0 64 48 0 0 0 0 0 0 64 48 0 0 0 0 0 0 64 46 0 0 0 0 0 0 64 46 0 0 0 0 0 0 64 57 0 0 0 0 0 0 64 40 0 0 0 0 0 0 64 53 0 0 0 0 0 0 64 52 0 0 0 0 0 0 64 34 0 0 0 0 0 0 F:\毕业论文\SkinRetrieval0.3特征数组\pics\batch4\20.jpg
64 8 242 0 0 0 0 0 63 249 57 147 70 25 65 184 64 164 224 0 0 0 0 0 64 76 128 0 0 0 0 0 64 83 64 0 0 0 0 0 64 90 128 0 0 0 0 0 64 82 128 0 0 0 0 0 64 84 0 0 0 0 0 0 64 84 192 0 0 0 0 0 64 92 192 0 0 0 0 0 64 87 128 0 0 0 0 0 64 87 64 0 0 0 0 0 64 81 0 0 0 0 0 0 64 87 192 0 0 0 0 0 64 80 128 0 0 0 0 0 64 78 128 0 0 0 0 0 64 79 0 0 0 0 0 0 64 68 128 0 0 0 0 0 F:\毕业论文\SkinRetrieval0.3特征数组\pics\batch4\21.jpg
64 11 79 0 0 0 0 0 64 10 205 3 218 101 59 129 64 160 226 0 0 0 0 0 64 92 64 0 0 0 0 0 64 89 128 0 0 0 0 0 64 95 128 0 0 0 0 0 64 87 0 0 0 0 0 0 64 87 128 0 0 0 0 0 64 91 128 0 0 0 0 0 64 96 128 0 0 0 0 0 64 88 128 0 0 0 0 0 64 93 64 0 0 0 0 0 64 92 192 0 0 0 0 0 64 98 192 0 0 0 0 0 64 88 192 0 0 0 0 0 64 96 0 0 0 0 0 0 64 95 0 0 0 0 0 0 64 84 192 0 0 0 0 0 F:\毕业论文\SkinRetrieval0.3特征数组\pics\batch4\22.jpg
64 7 210 0 0 0 0 0 63 244 149 66 75 124 187 56 64 167 30 0 0 0 0 0 64 68 0 0 0 0 0 0 64 73 128 0 0 0 0 0 64 90 128 0 0 0 0 0 64 74 128 0 0 0 0 0 64 81 0 0 0 0 0 0 64 82 0 0 0 0 0 0 64 84 192 0 0 0 0 0 64 80 192 0 0 0 0 0 64 76 0 0 0 0 0 0 64 70 128 0 0 0 0 0 64 77 0 0 0 0 0 0 64 74 0 0 0 0 0 0 64 74 128 0 0 0 0 0 64 69 0 0 0 0 0 0 64 67 128 0 0 0 0 0 F:\毕业论文\SkinRetrieval0.3特征数组\pics\batch4\23.jpg
64 8 123 0 0 0 0 0 63 236 244 20 210 9 24 103 64 165 66 0 0 0 0 0 64 78 128 0 0 0 0 0 64 82 0 0 0 0 0 0 64 84 128 0 0 0 0 0 64 80 64 0 0 0 0 0 64 83 0 0 0 0 0 0 64 80 64 0 0 0 0 0 64 88 192 0 0 0 0 0 64 81 192 0 0 0 0 0 64 83 128 0 0 0 0 0 64 85 64 0 0 0 0 0 64 86 192 0 0 0 0 0 64 80 0 0 0 0 0 0 64 80 128 0 0 0 0 0 64 82 192 0 0 0 0 0 64 82 64 0 0 0 0 0 F:\毕业论文\SkinRetrieval0.3特征数组\pics\batch4\24.jpg
64 10 213 0 0 0 0 0 63 246 51 66 111 55 196 192 64 159 24 0 0 0 0 0 64 87 128 0 0 0 0 0 64 91 0 0 0 0 0 0 64 100 32 0 0 0 0 0 64 94 0 0 0 0 0 0 64 98 128 0 0 0 0 0 64 97 96 0 0 0 0 0 64 101 32 0 0 0 0 0 64 98 192 0 0 0 0 0 64 100 224 0 0 0 0 0 64 94 192 0 0 0 0 0 64 97 224 0 0 0 0 0 64 87 192 0 0 0 0 0 64 89 192 0 0 0 0 0 64 85 0 0 0 0 0 0 64 73 0 0 0 0 0 0 F:\毕业论文\SkinRetrieval0.3特征数组\pics\batch4\25.jpg
64 9 66 0 0 0 0 0 63 240 159 32 132 194 45 92 64 164 12 0 0 0 0 0 64 84 128 0 0 0 0 0 64 80 0 0 0 0 0 0 64 82 64 0 0 0 0 0 64 82 0 0 0 0 0 0 64 81 64 0 0 0 0 0 64 81 128 0 0 0 0 0 64 89 192 0 0 0 0 0 64 83 128 0 0 0 0 0 64 86 0 0 0 0 0 0 64 87 0 0 0 0 0 0 64 94 64 0 0 0 0 0 64 87 192 0 0 0 0 0 64 89 64 0 0 0 0 0 64 85 128 0 0 0 0 0 64 85 0 0 0 0 0 0 F:\毕业论文\SkinRetrieval0.3特征数组\pics\batch4\26.jpg
64 8 119 0 0 0 0 0 63 242 161 51 52 212 51 78 64 165 2 0 0 0 0 0 64 77 0 0 0 0 0 0 64 80 0 0 0 0 0 0 64 91 64 0 0 0 0 0 64 86 0 0 0 0 0 0 64 88 64 0 0 0 0 0 64 87 128 0 0 0 0 0 64 94 192 0 0 0 0 0 64 86 128 0 0 0 0 0 64 83 64 0 0 0 0 0 64 80 192 0 0 0 0 0 64 84 64 0 0 0 0 0 64 71 0 0 0 0 0 0 64 77 128 0 0 0 0 0 64 77 0 0 0 0 0 0 64 70 0 0 0 0 0 0 F:\毕业论文\SkinRetrieval0.3特征数组\pics\batch4\27.jpg
64 7 251 0 0 0 0 0 63 237 98 185 227 103 231 133 64 163 230 0 0 0 0 0 64 89 64 0 0 0 0 0 64 84 64 0 0 0 0 0 64 92 128 0 0 0 0 0 64 87 192 0 0 0 0 0 64 85 64 0 0 0 0 0 64 89 128 0 0 0 0 0 64 87 64 0 0 0 0 0 64 84 0 0 0 0 0 0 64 85 64 0 0 0 0 0 64 81 64 0 0 0 0 0 64 84 64 0 0 0 0 0 64 82 128 0 0 0 0 0 64 84 192 0 0 0 0 0 64 88 192 0 0 0 0 0 64 75 128 0 0 0 0 0 F:\毕业论文\SkinRetrieval0.3特征数组\pics\batch4\28.jpg
64 7 111 0 0 0 0 0 63 235 6 209 37 196 238 249 64 164 218 0 0 0 0 0 64 80 0 0 0 0 0 0 64 81 192 0 0 0 0 0 64 93 0 0 0 0 0 0 64 79 128 0 0 0 0 0 64 84 64 0 0 0 0 0 64 80 64 0 0 0 0 0 64 86 0 0 0 0 0 0 64 76 128 0 0 0 0 0 64 86 0 0 0 0 0 0 64 80 128 0 0 0 0 0 64 95 64 0 0 0 0 0 64 80 128 0 0 0 0 0 64 85 0 0 0 0 0 0 64 87 0 0 0 0 0 0 64 72 128 0 0 0 0 0 F:\毕业论文\SkinRetrieval0.3特征数组\pics\batch4\29.jpg
64 11 68 0 0 0 0 0 63 237 90 35 45 219 79 41 64 156 252 0 0 0 0 0 64 97 64 0 0 0 0 0 64 94 0 0 0 0 0 0 64 97 0 0 0 0 0 0 64 85 0 0 0 0 0 0 64 86 192 0 0 0 0 0 64 93 0 0 0 0 0 0 64 101 192 0 0 0 0 0 64 93 0 0 0 0 0 0 64 92 0 0 0 0 0 0 64 96 192 0 0 0 0 0 64 105 224 0 0 0 0 0 64 97 64 0 0 0 0 0 64 97 160 0 0 0 0 0 64 98 192 0 0 0 0 0 64 96 128 0 0 0 0 0 F:\毕业论文\SkinRetrieval0.3特征数组\pics\batch4\3.jpg
64 10 218 0 0 0 0 0 63 224 154 108 75 112 57 252 64 160 230 0 0 0 0 0 64 85 192 0 0 0 0 0 64 92 192 0 0 0 0 0 64 98 64 0 0 0 0 0 64 88 192 0 0 0 0 0 64 88 128 0 0 0 0 0 64 88 0 0 0 0 0 0 64 98 224 0 0 0 0 0 64 89 128 0 0 0 0 0 64 94 64 0 0 0 0 0 64 91 64 0 0 0 0 0 64 98 64 0 0 0 0 0 64 82 192 0 0 0 0 0 64 90 192 0 0 0 0 0 64 93 128 0 0 0 0 0 64 91 192 0 0 0 0 0 F:\毕业论文\SkinRetrieval0.3特征数组\pics\batch4\30.jpg
64 9 176 0 0 0 0 0 63 231 21 65 217 83 112 57 64 160 28 0 0 0 0 0 64 82 64 0 0 0 0 0 64 92 192 0 0 0 0 0 64 93 64 0 0 0 0 0 64 86 64 0 0 0 0 0 64 92 192 0 0 0 0 0 64 101 64 0 0 0 0 0 64 104 64 0 0 0 0 0 64 95 0 0 0 0 0 0 64 96 32 0 0 0 0 0 64 97 0 0 0 0 0 0 64 96 0 0 0 0 0 0 64 88 0 0 0 0 0 0 64 90 64 0 0 0 0 0 64 91 128 0 0 0 0 0 64 84 64 0 0 0 0 0 F:\毕业论文\SkinRetrieval0.3特征数组\pics\batch4\31.jpg
64 8 144 0 0 0 0 0 64 0 37 194 243 243 29 160 64 163 10 0 0 0 0 0 64 90 0 0 0 0 0 0 64 87 0 0 0 0 0 0 64 92 192 0 0 0 0 0 64 89 0 0 0 0 0 0 64 87 64 0 0 0 0 0 64 87 192 0 0 0 0 0 64 88 64 0 0 0 0 0 64 79 128 0 0 0 0 0 64 85 128 0 0 0 0 0 64 84 128 0 0 0 0 0 64 90 192 0 0 0 0 0 64 86 64 0 0 0 0 0 64 87 0 0 0 0 0 0 64 91 128 0 0 0 0 0 64 84 128 0 0 0 0 0 F:\毕业论文\SkinRetrieval0.3特征数组\pics\batch4\32.jpg
64 8 117 0 0 0 0 0 63 221 164 179 250 160 33 16 64 165 64 0 0 0 0 0 64 77 128 0 0 0 0 0 64 75 128 0 0 0 0 0 64 89 192 0 0 0 0 0 64 86 64 0 0 0 0 0 64 85 64 0 0 0 0 0 64 82 128 0 0 0 0 0 64 87 128 0 0 0 0 0 64 78 128 0 0 0 0 0 64 80 0 0 0 0 0 0 64 85 64 0 0 0 0 0 64 86 64 0 0 0 0 0 64 77 128 0 0 0 0 0 64 82 0 0 0 0 0 0 64 85 64 0 0 0 0 0 64 73 0 0 0 0 0 0 F:\毕业论文\SkinRetrieval0.3特征数组\pics\batch4\33.jpg
64 11 118 0 0 0 0 0 64 4 80 138 204 91 172 52 64 158 204 0 0 0 0 0 64 82 0 0 0 0 0 0 64 88 64 0 0 0 0 0 64 102 32 0 0 0 0 0 64 96 96 0 0 0 0 0 64 101 32 0 0 0 0 0 64 98 96 0 0 0 0 0 64 110 0 0 0 0 0 0 64 99 32 0 0 0 0 0 64 99 128 0 0 0 0 0 64 93 192 0 0 0 0 0 64 94 128 0 0 0 0 0 64 83 0 0 0 0 0 0 64 83 0 0 0 0 0 0 64 83 0 0 0 0 0 0 64 79 0 0 0 0 0 0 F:\毕业论文\SkinRetrieval0.3特征数组\pics\batch4\34.jpg
64 10 151 0 0 0 0 0 63 226 81 99 185 91 154 233 64 158 204 0 0 0 0 0 64 91 128 0 0 0 0 0 64 91 0 0 0 0 0 0 64 97 64 0 0 0 0 0 64 93 192 0 0 0 0 0 64 95 192 0 0 0 0 0 64 95 192 0 0 0 0 0 64 98 160 0 0 0 0 0 64 92 192 0 0 0 0 0 64 96 224 0 0 0 0 0 64 96 192 0 0 0 0 0 64 102 160 0 0 0 0 0 64 86 0 0 0 0 0 0 64 91 64 0 0 0 0 0 64 96 32 0 0 0 0 0 64 90 0 0 0 0 0 0 F:\毕业论文\SkinRetrieval0.3特征数组\pics\batch4\35.jpg
64 9 163 0 0 0 0 0 63 234 17 139 215 253 33 26 64 161 156 0 0 0 0 0 64 88 0 0 0 0 0 0 64 86 192 0 0 0 0 0 64 99 192 0 0 0 0 0 64 90 128 0 0 0 0 0 64 96 96 0 0 0 0 0 64 89 0 0 0 0 0 0 64 96 96 0 0 0 0 0 64 93 0 0 0 0 0 0 64 90 0 0 0 0 0 0 64 91 128 0 0 0 0 0 64 91 64 0 0 0 0 0 64 82 64 0 0 0 0 0 64 86 192 0 0 0 0 0 64 89 64 0 0 0 0 0 64 82 64 0 0 0 0 0 F:\毕业论文\SkinRetrieval0.3特征数组\pics\batch4\36.jpg
64 7 156 0 0 0 0 0 63 206 200 16 168 191 65 169 64 167 124 0 0 0 0 0 64 74 0 0 0 0 0 0 64 76 128 0 0 0 0 0 64 85 192 0 0 0 0 0 64 64 128 0 0 0 0 0 64 71 0 0 0 0 0 0 64 72 128 0 0 0 0 0 64 82 192 0 0 0 0 0 64 66 0 0 0 0 0 0 64 66 0 0 0 0 0 0 64 72 0 0 0 0 0 0 64 84 192 0 0 0 0 0 64 73 128 0 0 0 0 0 64 76 128 0 0 0 0 0 64 81 0 0 0 0 0 0 64 78 0 0 0 0 0 0 F:\毕业论文\SkinRetrieval0.3特征数组\pics\batch4\37.jpg
64 8 168 0 0 0 0 0 63 234 53 244 161 16 155 195 64 164 166 0 0 0 0 0 64 80 128 0 0 0 0 0 64 76 128 0 0 0 0 0 64 88 128 0 0 0 0 0 64 79 0 0 0 0 0 0 64 85 0 0 0 0 0 0 64 88 128 0 0 0 0 0 64 93 64 0 0 0 0 0 64 82 192 0 0 0 0 0 64 85 64 0 0 0 0 0 64 84 192 0 0 0 0 0 64 89 192 0 0 0 0 0 64 84 192 0 0 0 0 0 64 81 192 0 0 0 0 0 64 72 0 0 0 0 0 0 64 81 192 0 0 0 0 0 F:\毕业论文\SkinRetrieval0.3特征数组\pics\batch4\38.jpg
64 10 232 0 0 0 0 0 64 5 199 143 8 11 59 189 64 161 22 0 0 0 0 0 64 96 32 0 0 0 0 0 64 93 64 0 0 0 0 0 64 97 192 0 0 0 0 0 64 91 192 0 0 0 0 0 64 93 64 0 0 0 0 0 64 86 64 0 0 0 0 0 64 91 128 0 0 0 0 0 64 88 192 0 0 0 0 0 64 91 64 0 0 0 0 0 64 88 0 0 0 0 0 0 64 95 128 0 0 0 0 0 64 90 0 0 0 0 0 0 64 89 192 0 0 0 0 0 64 91 192 0 0 0 0 0 64 87 128 0 0 0 0 0 F:\毕业论文\SkinRetrieval0.3特征数组\pics\batch4\39.jpg
64 10 3 0 0 0 0 0 64 10 104 159 84 52 229 50 64 164 136 0 0 0 0 0 64 76 0 0 0 0 0 0 64 81 64 0 0 0 0 0 64 84 0 0 0 0 0 0 64 85 0 0 0 0 0 0 64 81 64 0 0 0 0 0 64 85 0 0 0 0 0 0 64 87 192 0 0 0 0 0 64 83 128 0 0 0 0 0 64 79 0 0 0 0 0 0 64 83 64 0 0 0 0 0 64 91 192 0 0 0 0 0 64 86 64 0 0 0 0 0 64 89 0 0 0 0 0 0 64 88 64 0 0 0 0 0 64 80 64 0 0 0 0 0 F:\毕业论文\SkinRetrieval0.3特征数组\pics\batch4\4.jpg
64 9 198 0 0 0 0 0 64 4 171 163 17 101 192 69 64 162 208 0 0 0 0 0 64 81 192 0 0 0 0 0 64 87 0 0 0 0 0 0 64 93 128 0 0 0 0 0 64 92 128 0 0 0 0 0 64 94 0 0 0 0 0 0 64 95 192 0 0 0 0 0 64 96 224 0 0 0 0 0 64 84 64 0 0 0 0 0 64 86 64 0 0 0 0 0 64 86 128 0 0 0 0 0 64 86 0 0 0 0 0 0 64 81 64 0 0 0 0 0 64 81 128 0 0 0 0 0 64 87 0 0 0 0 0 0 64 84 0 0 0 0 0 0 F:\毕业论文\SkinRetrieval0.3特征数组\pics\batch4\40.jpg
64 7 233 0 0 0 0 0 63 241 253 46 137 127 110 52 64 165 172 0 0 0 0 0 64 80 192 0 0 0 0 0 64 82 64 0 0 0 0 0 64 81 0 0 0 0 0 0 64 75 0 0 0 0 0 0 64 78 0 0 0 0 0 0 64 76 128 0 0 0 0 0 64 86 64 0 0 0 0 0 64 81 192 0 0 0 0 0 64 83 192 0 0 0 0 0 64 83 0 0 0 0 0 0 64 86 64 0 0 0 0 0 64 78 0 0 0 0 0 0 64 86 64 0 0 0 0 0 64 84 192 0 0 0 0 0 64 75 128 0 0 0 0 0 F:\毕业论文\SkinRetrieval0.3特征数组\pics\batch4\41.jpg
64 10 190 0 0 0 0 0 63 244 152 90 216 89 195 104 64 162 18 0 0 0 0 0 64 88 0 0 0 0 0 0 64 92 192 0 0 0 0 0 64 99 224 0 0 0 0 0 64 92 64 0 0 0 0 0 64 89 64 0 0 0 0 0 64 84 128 0 0 0 0 0 64 89 0 0 0 0 0 0 64 85 192 0 0 0 0 0 64 84 192 0 0 0 0 0 64 90 64 0 0 0 0 0 64 92 192 0 0 0 0 0 64 91 192 0 0 0 0 0 64 84 128 0 0 0 0 0 64 85 128 0 0 0 0 0 64 88 0 0 0 0 0 0 F:\毕业论文\SkinRetrieval0.3特征数组\pics\batch4\42.jpg
64 8 151 0 0 0 0 0 63 250 14 187 136 198 46 227 64 164 96 0 0 0 0 0 64 88 0 0 0 0 0 0 64 89 128 0 0 0 0 0 64 93 128 0 0 0 0 0 64 80 0 0 0 0 0 0 64 84 192 0 0 0 0 0 64 83 192 0 0 0 0 0 64 85 64 0 0 0 0 0 64 83 128 0 0 0 0 0 64 86 128 0 0 0 0 0 64 85 128 0 0 0 0 0 64 87 128 0 0 0 0 0 64 81 192 0 0 0 0 0 64 80 0 0 0 0 0 0 64 81 192 0 0 0 0 0 64 75 128 0 0 0 0 0 F:\毕业论文\SkinRetrieval0.3特征数组\pics\batch4\43.jpg
64 9 147 0 0 0 0 0 63 234 228 16 237 65 46 38 64 160 170 0 0 0 0 0 64 93 128 0 0 0 0 0 64 91 0 0 0 0 0 0 64 96 32 0 0 0 0 0 64 88 64 0 0 0 0 0 64 91 0 0 0 0 0 0 64 96 96 0 0 0 0 0 64 97 224 0 0 0 0 0 64 95 0 0 0 0 0 0 64 91 64 0 0 0 0 0 64 95 0 0 0 0 0 0 64 98 0 0 0 0 0 0 64 87 0 0 0 0 0 0 64 88 0 0 0 0 0 0 64 92 0 0 0 0 0 0 64 83 0 0 0 0 0 0 F:\毕业论文\SkinRetrieval0.3特征数组\pics\batch4\44.jpg
64 10 26 0 0 0 0 0 63 252 18 136 218 108 98 63 64 161 126 0 0 0 0 0 64 84 128 0 0 0 0 0 64 86 64 0 0 0 0 0 64 99 0 0 0 0 0 0 64 89 192 0 0 0 0 0 64 91 128 0 0 0 0 0 64 91 0 0 0 0 0 0 64 98 192 0 0 0 0 0 64 90 0 0 0 0 0 0 64 92 0 0 0 0 0 0 64 91 128 0 0 0 0 0 64 98 128 0 0 0 0 0 64 85 0 0 0 0 0 0 64 88 64 0 0 0 0 0 64 87 0 0 0 0 0 0 64 80 0 0 0 0 0 0 F:\毕业论文\SkinRetrieval0.3特征数组\pics\batch4\45.jpg
64 6 94 0 0 0 0 0 63 246 160 194 168 38 109 64 64 168 138 0 0 0 0 0 64 68 128 0 0 0 0 0 64 68 0 0 0 0 0 0 64 75 128 0 0 0 0 0 64 71 0 0 0 0 0 0 64 66 0 0 0 0 0 0 64 67 0 0 0 0 0 0 64 64 128 0 0 0 0 0 64 73 0 0 0 0 0 0 64 71 128 0 0 0 0 0 64 73 0 0 0 0 0 0 64 79 0 0 0 0 0 0 64 74 128 0 0 0 0 0 64 77 0 0 0 0 0 0 64 76 0 0 0 0 0 0 64 67 0 0 0 0 0 0 F:\毕业论文\SkinRetrieval0.3特征数组\pics\batch4\46.jpg
64 0 77 0 0 0 0 0 63 163 255 76 93 192 66 70 64 173 174 0 0 0 0 0 64 20 0 0 0 0 0 0 64 0 0 0 0 0 0 0 64 28 0 0 0 0 0 0 64 0 0 0 0 0 0 0 63 240 0 0 0 0 0 0 64 16 0 0 0 0 0 0 64 0 0 0 0 0 0 0 0 0 0 0 0 0 0 0 64 8 0 0 0 0 0 0 64 16 0 0 0 0 0 0 64 20 0 0 0 0 0 0 64 8 0 0 0 0 0 0 64 8 0 0 0 0 0 0 64 16 0 0 0 0 0 0 0 0 0 0 0 0 0 0 F:\毕业论文\SkinRetrieval0.3特征数组\pics\batch4\47.jpg
64 9 77 0 0 0 0 0 64 0 10 193 1 6 140 117 64 162 248 0 0 0 0 0 64 79 128 0 0 0 0 0 64 84 0 0 0 0 0 0 64 90 192 0 0 0 0 0 64 88 192 0 0 0 0 0 64 86 64 0 0 0 0 0 64 88 64 0 0 0 0 0 64 92 192 0 0 0 0 0 64 92 64 0 0 0 0 0 64 90 128 0 0 0 0 0 64 91 192 0 0 0 0 0 64 98 224 0 0 0 0 0 64 83 64 0 0 0 0 0 64 82 64 0 0 0 0 0 64 84 64 0 0 0 0 0 64 75 0 0 0 0 0 0 F:\毕业论文\SkinRetrieval0.3特征数组\pics\batch4\48.jpg
64 10 79 0 0 0 0 0 63 240 90 181 116 234 190 214 64 160 16 0 0 0 0 0 64 97 32 0 0 0 0 0 64 94 128 0 0 0 0 0 64 98 160 0 0 0 0 0 64 91 192 0 0 0 0 0 64 96 32 0 0 0 0 0 64 87 192 0 0 0 0 0 64 90 192 0 0 0 0 0 64 91 64 0 0 0 0 0 64 94 64 0 0 0 0 0 64 96 96 0 0 0 0 0 64 92 64 0 0 0 0 0 64 92 0 0 0 0 0 0 64 97 32 0 0 0 0 0 64 94 128 0 0 0 0 0 64 87 64 0 0 0 0 0 F:\毕业论文\SkinRetrieval0.3特征数组\pics\batch4\49.jpg
64 10 51 0 0 0 0 0 63 243 172 21 157 1 189 16 64 162 30 0 0 0 0 0 64 93 0 0 0 0 0 0 64 88 128 0 0 0 0 0 64 92 128 0 0 0 0 0 64 82 64 0 0 0 0 0 64 89 0 0 0 0 0 0 64 88 64 0 0 0 0 0 64 96 0 0 0 0 0 0 64 91 0 0 0 0 0 0 64 83 64 0 0 0 0 0 64 87 128 0 0 0 0 0 64 93 0 0 0 0 0 0 64 89 128 0 0 0 0 0 64 90 192 0 0 0 0 0 64 92 192 0 0 0 0 0 64 84 0 0 0 0 0 0 F:\毕业论文\SkinRetrieval0.3特征数组\pics\batch4\5.jpg
64 11 21 0 0 0 0 0 63 242 103 24 86 76 215 65 64 157 224 0 0 0 0 0 64 85 192 0 0 0 0 0 64 89 192 0 0 0 0 0 64 96 32 0 0 0 0 0 64 92 64 0 0 0 0 0 64 92 64 0 0 0 0 0 64 89 192 0 0 0 0 0 64 101 192 0 0 0 0 0 64 98 128 0 0 0 0 0 64 98 192 0 0 0 0 0 64 100 224 0 0 0 0 0 64 103 64 0 0 0 0 0 64 90 64 0 0 0 0 0 64 97 0 0 0 0 0 0 64 96 128 0 0 0 0 0 64 85 128 0 0 0 0 0 F:\毕业论文\SkinRetrieval0.3特征数组\pics\batch4\50.jpg
64 7 215 0 0 0 0 0 63 233 141 99 205 42 215 244 64 165 192 0 0 0 0 0 64 80 192 0 0 0 0 0 64 80 64 0 0 0 0 0 64 93 128 0 0 0 0 0 64 78 0 0 0 0 0 0 64 85 0 0 0 0 0 0 64 81 64 0 0 0 0 0 64 92 192 0 0 0 0 0 64 77 128 0 0 0 0 0 64 71 128 0 0 0 0 0 64 67 128 0 0 0 0 0 64 82 64 0 0 0 0 0 64 81 0 0 0 0 0 0 64 74 128 0 0 0 0 0 64 84 128 0 0 0 0 0 64 78 128 0 0 0 0 0 F:\毕业论文\SkinRetrieval0.3特征数组\pics\batch4\51.jpg
64 7 37 0 0 0 0 0 63 227 40 227 224 114 241 173 64 167 246 0 0 0 0 0 64 65 0 0 0 0 0 0 64 69 0 0 0 0 0 0 64 82 192 0 0 0 0 0 64 73 128 0 0 0 0 0 64 81 0 0 0 0 0 0 64 86 64 0 0 0 0 0 64 82 128 0 0 0 0 0 64 73 128 0 0 0 0 0 64 71 0 0 0 0 0 0 64 72 0 0 0 0 0 0 64 69 0 0 0 0 0 0 64 67 0 0 0 0 0 0 64 74 0 0 0 0 0 0 64 68 128 0 0 0 0 0 64 58 0 0 0 0 0 0 F:\毕业论文\SkinRetrieval0.3特征数组\pics\batch4\52.jpg
64 7 159 0 0 0 0 0 63 249 52 199 90 145 84 192 64 165 160 0 0 0 0 0 64 86 128 0 0 0 0 0 64 86 0 0 0 0 0 0 64 94 64 0 0 0 0 0 64 80 192 0 0 0 0 0 64 84 128 0 0 0 0 0 64 82 128 0 0 0 0 0 64 77 128 0 0 0 0 0 64 79 128 0 0 0 0 0 64 78 128 0 0 0 0 0 64 76 0 0 0 0 0 0 64 81 128 0 0 0 0 0 64 79 128 0 0 0 0 0 64 83 64 0 0 0 0 0 64 78 0 0 0 0 0 0 64 70 128 0 0 0 0 0 F:\毕业论文\SkinRetrieval0.3特征数组\pics\batch4\53.jpg
64 9 123 0 0 0 0 0 63 226 76 156 123 151 13 61 64 163 6 0 0 0 0 0 64 85 0 0 0 0 0 0 64 83 64 0 0 0 0 0 64 84 0 0 0 0 0 0 64 78 128 0 0 0 0 0 64 85 0 0 0 0 0 0 64 86 64 0 0 0 0 0 64 95 192 0 0 0 0 0 64 83 192 0 0 0 0 0 64 91 192 0 0 0 0 0 64 89 64 0 0 0 0 0 64 94 128 0 0 0 0 0 64 90 64 0 0 0 0 0 64 92 128 0 0 0 0 0 64 89 64 0 0 0 0 0 64 82 128 0 0 0 0 0 F:\毕业论文\SkinRetrieval0.3特征数组\pics\batch4\54.jpg
64 8 148 0 0 0 0 0 63 253 234 142 150 191 105 180 64 163 48 0 0 0 0 0 64 82 128 0 0 0 0 0 64 85 0 0 0 0 0 0 64 92 0 0 0 0 0 0 64 84 192 0 0 0 0 0 64 82 128 0 0 0 0 0 64 84 128 0 0 0 0 0 64 93 0 0 0 0 0 0 64 87 128 0 0 0 0 0 64 90 192 0 0 0 0 0 64 90 192 0 0 0 0 0 64 96 128 0 0 0 0 0 64 87 64 0 0 0 0 0 64 85 192 0 0 0 0 0 64 83 192 0 0 0 0 0 64 80 0 0 0 0 0 0 F:\毕业论文\SkinRetrieval0.3特征数组\pics\batch4\55.jpg
64 10 9 0 0 0 0 0 63 241 128 121 231 170 207 203 64 162 170 0 0 0 0 0 64 83 128 0 0 0 0 0 64 89 0 0 0 0 0 0 64 95 64 0 0 0 0 0 64 85 192 0 0 0 0 0 64 83 0 0 0 0 0 0 64 84 128 0 0 0 0 0 64 95 192 0 0 0 0 0 64 82 192 0 0 0 0 0 64 89 192 0 0 0 0 0 64 88 0 0 0 0 0 0 64 98 0 0 0 0 0 0 64 96 32 0 0 0 0 0 64 85 192 0 0 0 0 0 64 84 128 0 0 0 0 0 64 80 0 0 0 0 0 0 F:\毕业论文\SkinRetrieval0.3特征数组\pics\batch4\56.jpg
64 7 30 0 0 0 0 0 63 243 233 239 67 115 19 68 64 167 204 0 0 0 0 0 64 67 0 0 0 0 0 0 64 72 128 0 0 0 0 0 64 76 0 0 0 0 0 0 64 64 0 0 0 0 0 0 64 74 0 0 0 0 0 0 64 73 0 0 0 0 0 0 64 79 128 0 0 0 0 0 64 83 64 0 0 0 0 0 64 82 64 0 0 0 0 0 64 78 128 0 0 0 0 0 64 81 64 0 0 0 0 0 64 70 0 0 0 0 0 0 64 76 128 0 0 0 0 0 64 74 0 0 0 0 0 0 64 57 0 0 0 0 0 0 F:\毕业论文\SkinRetrieval0.3特征数组\pics\batch4\57.jpg
63 254 8 0 0 0 0 0 0 0 0 0 0 0 0 0 64 174 8 0 0 0 0 0 0 0 0 0 0 0 0 0 0 0 0 0 0 0 0 0 0 0 0 0 0 0 0 0 0 0 0 0 0 0 0 0 0 0 0 0 0 0 0 0 0 0 0 0 0 0 0 0 0 0 0 0 0 0 0 0 0 0 0 0 0 0 0 0 0 0 0 0 0 0 0 0 0 0 0 0 0 0 0 0 0 0 0 0 0 0 0 0 0 0 0 0 0 0 0 0 0 0 0 0 0 0 0 0 0 0 0 0 0 0 0 0 0 0 0 0 0 0 0 0 F:\毕业论文\SkinRetrieval0.3特征数组\pics\batch4\58.jpg
64 9 41 0 0 0 0 0 63 248 60 124 14 27 113 75 64 164 152 0 0 0 0 0 64 85 192 0 0 0 0 0 64 82 64 0 0 0 0 0 64 92 128 0 0 0 0 0 64 82 64 0 0 0 0 0 64 80 64 0 0 0 0 0 64 81 64 0 0 0 0 0 64 90 128 0 0 0 0 0 64 81 0 0 0 0 0 0 64 79 128 0 0 0 0 0 64 83 128 0 0 0 0 0 64 88 192 0 0 0 0 0 64 76 128 0 0 0 0 0 64 83 128 0 0 0 0 0 64 89 0 0 0 0 0 0 64 83 128 0 0 0 0 0 F:\毕业论文\SkinRetrieval0.3特征数组\pics\batch4\59.jpg
64 9 235 0 0 0 0 0 63 240 172 147 216 191 207 209 64 160 174 0 0 0 0 0 64 86 0 0 0 0 0 0 64 95 64 0 0 0 0 0 64 96 96 0 0 0 0 0 64 89 192 0 0 0 0 0 64 91 128 0 0 0 0 0 64 96 0 0 0 0 0 0 64 97 32 0 0 0 0 0 64 90 192 0 0 0 0 0 64 90 192 0 0 0 0 0 64 89 192 0 0 0 0 0 64 97 128 0 0 0 0 0 64 94 0 0 0 0 0 0 64 92 64 0 0 0 0 0 64 93 128 0 0 0 0 0 64 83 192 0 0 0 0 0 F:\毕业论文\SkinRetrieval0.3特征数组\pics\batch4\6.jpg
64 5 157 0 0 0 0 0 63 227 151 84 178 12 94 61 64 169 92 0 0 0 0 0 64 65 0 0 0 0 0 0 64 65 0 0 0 0 0 0 64 65 128 0 0 0 0 0 64 65 128 0 0 0 0 0 64 74 128 0 0 0 0 0 64 66 0 0 0 0 0 0 64 72 0 0 0 0 0 0 64 80 192 0 0 0 0 0 64 68 0 0 0 0 0 0 64 69 128 0 0 0 0 0 64 76 128 0 0 0 0 0 64 64 128 0 0 0 0 0 64 62 0 0 0 0 0 0 64 59 0 0 0 0 0 0 64 58 0 0 0 0 0 0 F:\毕业论文\SkinRetrieval0.3特征数组\pics\batch4\60.jpg
64 9 128 0 0 0 0 0 63 212 49 132 70 205 63 216 64 162 196 0 0 0 0 0 64 82 192 0 0 0 0 0 64 91 64 0 0 0 0 0 64 95 192 0 0 0 0 0 64 88 0 0 0 0 0 0 64 93 128 0 0 0 0 0 64 85 0 0 0 0 0 0 64 87 192 0 0 0 0 0 64 87 192 0 0 0 0 0 64 85 64 0 0 0 0 0 64 88 192 0 0 0 0 0 64 91 192 0 0 0 0 0 64 85 128 0 0 0 0 0 64 88 0 0 0 0 0 0 64 89 128 0 0 0 0 0 64 80 0 0 0 0 0 0 F:\毕业论文\SkinRetrieval0.3特征数组\pics\batch4\61.jpg
64 9 206 0 0 0 0 0 63 243 53 173 124 189 54 245 64 161 22 0 0 0 0 0 64 98 160 0 0 0 0 0 64 98 32 0 0 0 0 0 64 102 224 0 0 0 0 0 64 87 64 0 0 0 0 0 64 90 192 0 0 0 0 0 64 89 0 0 0 0 0 0 64 96 224 0 0 0 0 0 64 81 192 0 0 0 0 0 64 87 128 0 0 0 0 0 64 84 0 0 0 0 0 0 64 94 0 0 0 0 0 0 64 85 128 0 0 0 0 0 64 85 128 0 0 0 0 0 64 93 64 0 0 0 0 0 64 86 192 0 0 0 0 0 F:\毕业论文\SkinRetrieval0.3特征数组\pics\batch4\62.jpg
64 5 66 0 0 0 0 0 63 207 143 225 159 67 4 242 64 171 28 0 0 0 0 0 64 38 0 0 0 0 0 0 64 46 0 0 0 0 0 0 64 63 0 0 0 0 0 0 64 55 0 0 0 0 0 0 64 59 0 0 0 0 0 0 64 63 0 0 0 0 0 0 64 72 128 0 0 0 0 0 64 59 0 0 0 0 0 0 64 57 0 0 0 0 0 0 64 48 0 0 0 0 0 0 64 64 128 0 0 0 0 0 64 55 0 0 0 0 0 0 64 54 0 0 0 0 0 0 64 53 0 0 0 0 0 0 64 52 0 0 0 0 0 0 F:\毕业论文\SkinRetrieval0.3特征数组\pics\batch4\63.jpg
64 8 34 0 0 0 0 0 63 247 34 110 125 165 216 159 64 167 138 0 0 0 0 0 64 71 128 0 0 0 0 0 64 71 0 0 0 0 0 0 64 79 128 0 0 0 0 0 64 65 128 0 0 0 0 0 64 72 128 0 0 0 0 0 64 64 128 0 0 0 0 0 64 76 128 0 0 0 0 0 64 71 128 0 0 0 0 0 64 69 0 0 0 0 0 0 64 74 128 0 0 0 0 0 64 84 128 0 0 0 0 0 64 82 0 0 0 0 0 0 64 80 128 0 0 0 0 0 64 84 192 0 0 0 0 0 64 76 0 0 0 0 0 0 F:\毕业论文\SkinRetrieval0.3特征数组\pics\batch4\64.jpg
64 7 22 0 0 0 0 0 63 229 96 167 95 211 208 223 64 167 16 0 0 0 0 0 64 79 128 0 0 0 0 0 64 82 128 0 0 0 0 0 64 87 0 0 0 0 0 0 64 71 0 0 0 0 0 0 64 79 128 0 0 0 0 0 64 66 0 0 0 0 0 0 64 76 128 0 0 0 0 0 64 73 128 0 0 0 0 0 64 72 0 0 0 0 0 0 64 76 128 0 0 0 0 0 64 86 0 0 0 0 0 0 64 78 0 0 0 0 0 0 64 76 0 0 0 0 0 0 64 73 128 0 0 0 0 0 64 73 0 0 0 0 0 0 F:\毕业论文\SkinRetrieval0.3特征数组\pics\batch4\65.jpg
64 9 207 0 0 0 0 0 63 244 101 38 98 126 117 29 64 162 232 0 0 0 0 0 64 86 64 0 0 0 0 0 64 86 64 0 0 0 0 0 64 96 96 0 0 0 0 0 64 88 192 0 0 0 0 0 64 86 64 0 0 0 0 0 64 81 192 0 0 0 0 0 64 90 0 0 0 0 0 0 64 84 64 0 0 0 0 0 64 90 64 0 0 0 0 0 64 90 0 0 0 0 0 0 64 91 0 0 0 0 0 0 64 86 0 0 0 0 0 0 64 88 0 0 0 0 0 0 64 86 0 0 0 0 0 0 64 84 128 0 0 0 0 0 F:\毕业论文\SkinRetrieval0.3特征数组\pics\batch4\66.jpg
64 8 234 0 0 0 0 0 64 12 31 215 2 233 107 144 64 165 146 0 0 0 0 0 64 78 128 0 0 0 0 0 64 79 128 0 0 0 0 0 64 85 128 0 0 0 0 0 64 77 128 0 0 0 0 0 64 78 128 0 0 0 0 0 64 76 128 0 0 0 0 0 64 78 128 0 0 0 0 0 64 74 128 0 0 0 0 0 64 82 128 0 0 0 0 0 64 84 0 0 0 0 0 0 64 97 64 0 0 0 0 0 64 82 192 0 0 0 0 0 64 84 64 0 0 0 0 0 64 81 0 0 0 0 0 0 64 80 128 0 0 0 0 0 F:\毕业论文\SkinRetrieval0.3特征数组\pics\batch4\67.jpg
64 10 98 0 0 0 0 0 63 243 35 62 204 191 34 7 64 160 218 0 0 0 0 0 64 92 128 0 0 0 0 0 64 89 0 0 0 0 0 0 64 95 192 0 0 0 0 0 64 86 64 0 0 0 0 0 64 90 0 0 0 0 0 0 64 90 0 0 0 0 0 0 64 94 64 0 0 0 0 0 64 93 192 0 0 0 0 0 64 92 0 0 0 0 0 0 64 91 0 0 0 0 0 0 64 96 160 0 0 0 0 0 64 93 64 0 0 0 0 0 64 94 0 0 0 0 0 0 64 96 224 0 0 0 0 0 64 85 0 0 0 0 0 0 F:\毕业论文\SkinRetrieval0.3特征数组\pics\batch4\68.jpg
64 8 242 0 0 0 0 0 63 241 52 109 45 140 179 99 64 166 88 0 0 0 0 0 64 75 0 0 0 0 0 0 64 76 128 0 0 0 0 0 64 89 128 0 0 0 0 0 64 64 128 0 0 0 0 0 64 71 0 0 0 0 0 0 64 77 0 0 0 0 0 0 64 80 192 0 0 0 0 0 64 77 128 0 0 0 0 0 64 77 0 0 0 0 0 0 64 83 192 0 0 0 0 0 64 88 64 0 0 0 0 0 64 80 0 0 0 0 0 0 64 82 64 0 0 0 0 0 64 83 128 0 0 0 0 0 64 77 128 0 0 0 0 0 F:\毕业论文\SkinRetrieval0.3特征数组\pics\batch4\69.jpg
64 9 2 0 0 0 0 0 63 245 173 138 142 87 144 200 64 166 16 0 0 0 0 0 64 73 128 0 0 0 0 0 64 77 128 0 0 0 0 0 64 82 128 0 0 0 0 0 64 71 128 0 0 0 0 0 64 77 128 0 0 0 0 0 64 75 0 0 0 0 0 0 64 86 64 0 0 0 0 0 64 82 192 0 0 0 0 0 64 87 64 0 0 0 0 0 64 86 0 0 0 0 0 0 64 93 192 0 0 0 0 0 64 77 128 0 0 0 0 0 64 80 0 0 0 0 0 0 64 72 128 0 0 0 0 0 64 68 0 0 0 0 0 0 F:\毕业论文\SkinRetrieval0.3特征数组\pics\batch4\7.jpg
64 10 136 0 0 0 0 0 63 231 71 30 16 183 196 207 64 157 4 0 0 0 0 0 64 97 0 0 0 0 0 0 64 98 160 0 0 0 0 0 64 99 128 0 0 0 0 0 64 91 192 0 0 0 0 0 64 94 128 0 0 0 0 0 64 88 0 0 0 0 0 0 64 102 0 0 0 0 0 0 64 96 192 0 0 0 0 0 64 94 64 0 0 0 0 0 64 92 128 0 0 0 0 0 64 98 128 0 0 0 0 0 64 93 192 0 0 0 0 0 64 97 0 0 0 0 0 0 64 98 192 0 0 0 0 0 64 93 192 0 0 0 0 0 F:\毕业论文\SkinRetrieval0.3特征数组\pics\batch4\70.jpg
64 9 125 0 0 0 0 0 63 233 34 178 71 85 59 41 64 163 226 0 0 0 0 0 64 87 128 0 0 0 0 0 64 90 192 0 0 0 0 0 64 97 64 0 0 0 0 0 64 84 64 0 0 0 0 0 64 82 128 0 0 0 0 0 64 81 64 0 0 0 0 0 64 88 64 0 0 0 0 0 64 77 128 0 0 0 0 0 64 82 128 0 0 0 0 0 64 83 128 0 0 0 0 0 64 86 192 0 0 0 0 0 64 81 0 0 0 0 0 0 64 85 192 0 0 0 0 0 64 89 128 0 0 0 0 0 64 84 0 0 0 0 0 0 F:\毕业论文\SkinRetrieval0.3特征数组\pics\batch4\71.jpg
64 10 39 0 0 0 0 0 64 6 47 247 175 248 151 173 64 162 54 0 0 0 0 0 64 87 192 0 0 0 0 0 64 85 128 0 0 0 0 0 64 87 128 0 0 0 0 0 64 82 192 0 0 0 0 0 64 86 64 0 0 0 0 0 64 87 64 0 0 0 0 0 64 96 96 0 0 0 0 0 64 94 192 0 0 0 0 0 64 89 128 0 0 0 0 0 64 87 64 0 0 0 0 0 64 96 0 0 0 0 0 0 64 90 0 0 0 0 0 0 64 89 0 0 0 0 0 0 64 94 0 0 0 0 0 0 64 84 0 0 0 0 0 0 F:\毕业论文\SkinRetrieval0.3特征数组\pics\batch4\72.jpg
64 10 100 0 0 0 0 0 63 240 246 208 130 245 179 183 64 162 240 0 0 0 0 0 64 83 64 0 0 0 0 0 64 75 128 0 0 0 0 0 64 96 96 0 0 0 0 0 64 87 192 0 0 0 0 0 64 86 192 0 0 0 0 0 64 85 0 0 0 0 0 0 64 90 192 0 0 0 0 0 64 91 128 0 0 0 0 0 64 93 64 0 0 0 0 0 64 88 192 0 0 0 0 0 64 97 64 0 0 0 0 0 64 85 192 0 0 0 0 0 64 87 128 0 0 0 0 0 64 85 128 0 0 0 0 0 64 72 128 0 0 0 0 0 F:\毕业论文\SkinRetrieval0.3特征数组\pics\batch4\73.jpg
64 9 79 0 0 0 0 0 64 0 76 92 47 191 210 10 64 164 72 0 0 0 0 0 64 82 128 0 0 0 0 0 64 88 64 0 0 0 0 0 64 91 0 0 0 0 0 0 64 85 0 0 0 0 0 0 64 84 128 0 0 0 0 0 64 81 0 0 0 0 0 0 64 91 128 0 0 0 0 0 64 81 64 0 0 0 0 0 64 81 0 0 0 0 0 0 64 80 0 0 0 0 0 0 64 92 0 0 0 0 0 0 64 82 64 0 0 0 0 0 64 85 192 0 0 0 0 0 64 87 128 0 0 0 0 0 64 77 0 0 0 0 0 0 F:\毕业论文\SkinRetrieval0.3特征数组\pics\batch4\74.jpg
64 10 245 0 0 0 0 0 63 225 203 11 52 203 173 237 64 161 40 0 0 0 0 0 64 83 128 0 0 0 0 0 64 92 192 0 0 0 0 0 64 103 160 0 0 0 0 0 64 90 64 0 0 0 0 0 64 96 0 0 0 0 0 0 64 89 0 0 0 0 0 0 64 103 96 0 0 0 0 0 64 81 192 0 0 0 0 0 64 88 128 0 0 0 0 0 64 91 128 0 0 0 0 0 64 95 128 0 0 0 0 0 64 81 64 0 0 0 0 0 64 86 192 0 0 0 0 0 64 90 192 0 0 0 0 0 64 82 128 0 0 0 0 0 F:\毕业论文\SkinRetrieval0.3特征数组\pics\batch4\75.jpg
64 9 139 0 0 0 0 0 63 237 79 119 163 247 124 204 64 161 40 0 0 0 0 0 64 85 192 0 0 0 0 0 64 93 64 0 0 0 0 0 64 95 128 0 0 0 0 0 64 95 64 0 0 0 0 0 64 89 0 0 0 0 0 0 64 85 128 0 0 0 0 0 64 92 64 0 0 0 0 0 64 84 192 0 0 0 0 0 64 90 128 0 0 0 0 0 64 91 0 0 0 0 0 0 64 96 32 0 0 0 0 0 64 93 192 0 0 0 0 0 64 90 64 0 0 0 0 0 64 96 64 0 0 0 0 0 64 92 128 0 0 0 0 0 F:\毕业论文\SkinRetrieval0.3特征数组\pics\batch4\76.jpg
64 7 155 0 0 0 0 0 63 230 149 228 92 15 108 28 64 165 40 0 0 0 0 0 64 72 128 0 0 0 0 0 64 72 0 0 0 0 0 0 64 88 0 0 0 0 0 0 64 78 0 0 0 0 0 0 64 86 128 0 0 0 0 0 64 88 0 0 0 0 0 0 64 98 64 0 0 0 0 0 64 87 128 0 0 0 0 0 64 86 64 0 0 0 0 0 64 85 0 0 0 0 0 0 64 84 128 0 0 0 0 0 64 77 0 0 0 0 0 0 64 79 0 0 0 0 0 0 64 71 0 0 0 0 0 0 64 66 0 0 0 0 0 0 F:\毕业论文\SkinRetrieval0.3特征数组\pics\batch4\77.jpg
64 9 145 0 0 0 0 0 63 248 6 22 136 245 243 170 64 164 58 0 0 0 0 0 64 81 0 0 0 0 0 0 64 81 192 0 0 0 0 0 64 91 128 0 0 0 0 0 64 85 0 0 0 0 0 0 64 82 128 0 0 0 0 0 64 83 128 0 0 0 0 0 64 93 64 0 0 0 0 0 64 86 128 0 0 0 0 0 64 80 128 0 0 0 0 0 64 81 192 0 0 0 0 0 64 85 192 0 0 0 0 0 64 83 128 0 0 0 0 0 64 82 64 0 0 0 0 0 64 88 64 0 0 0 0 0 64 86 192 0 0 0 0 0 F:\毕业论文\SkinRetrieval0.3特征数组\pics\batch4\78.jpg
64 10 177 0 0 0 0 0 63 255 231 249 72 192 109 239 64 158 76 0 0 0 0 0 64 95 192 0 0 0 0 0 64 96 0 0 0 0 0 0 64 98 128 0 0 0 0 0 64 90 192 0 0 0 0 0 64 93 128 0 0 0 0 0 64 91 0 0 0 0 0 0 64 97 32 0 0 0 0 0 64 96 192 0 0 0 0 0 64 97 32 0 0 0 0 0 64 97 0 0 0 0 0 0 64 100 64 0 0 0 0 0 64 91 64 0 0 0 0 0 64 95 0 0 0 0 0 0 64 94 128 0 0 0 0 0 64 91 0 0 0 0 0 0 F:\毕业论文\SkinRetrieval0.3特征数组\pics\batch4\79.jpg
64 7 45 0 0 0 0 0 63 238 170 248 50 135 58 34 64 166 206 0 0 0 0 0 64 72 0 0 0 0 0 0 64 82 128 0 0 0 0 0 64 88 0 0 0 0 0 0 64 80 192 0 0 0 0 0 64 79 128 0 0 0 0 0 64 82 192 0 0 0 0 0 64 86 128 0 0 0 0 0 64 73 0 0 0 0 0 0 64 72 0 0 0 0 0 0 64 74 128 0 0 0 0 0 64 78 128 0 0 0 0 0 64 76 128 0 0 0 0 0 64 70 128 0 0 0 0 0 64 74 128 0 0 0 0 0 64 70 128 0 0 0 0 0 F:\毕业论文\SkinRetrieval0.3特征数组\pics\batch4\8.jpg
64 7 151 0 0 0 0 0 63 242 134 87 126 30 24 105 64 166 102 0 0 0 0 0 64 77 128 0 0 0 0 0 64 86 0 0 0 0 0 0 64 88 192 0 0 0 0 0 64 70 0 0 0 0 0 0 64 78 128 0 0 0 0 0 64 71 0 0 0 0 0 0 64 88 64 0 0 0 0 0 64 67 128 0 0 0 0 0 64 72 128 0 0 0 0 0 64 81 64 0 0 0 0 0 64 90 128 0 0 0 0 0 64 71 0 0 0 0 0 0 64 78 128 0 0 0 0 0 64 78 0 0 0 0 0 0 64 74 128 0 0 0 0 0 F:\毕业论文\SkinRetrieval0.3特征数组\pics\batch4\80.jpg
64 7 173 0 0 0 0 0 63 237 27 5 78 157 73 98 64 167 6 0 0 0 0 0 64 77 128 0 0 0 0 0 64 72 128 0 0 0 0 0 64 80 0 0 0 0 0 0 64 71 128 0 0 0 0 0 64 75 0 0 0 0 0 0 64 77 128 0 0 0 0 0 64 81 0 0 0 0 0 0 64 79 128 0 0 0 0 0 64 75 0 0 0 0 0 0 64 76 128 0 0 0 0 0 64 84 128 0 0 0 0 0 64 80 64 0 0 0 0 0 64 75 128 0 0 0 0 0 64 83 64 0 0 0 0 0 64 70 0 0 0 0 0 0 F:\毕业论文\SkinRetrieval0.3特征数组\pics\batch4\81.jpg
64 3 118 0 0 0 0 0 63 222 146 117 220 85 216 222 64 170 160 0 0 0 0 0 64 63 0 0 0 0 0 0 64 62 0 0 0 0 0 0 64 66 0 0 0 0 0 0 64 46 0 0 0 0 0 0 64 52 0 0 0 0 0 0 64 48 0 0 0 0 0 0 64 61 0 0 0 0 0 0 64 55 0 0 0 0 0 0 64 65 0 0 0 0 0 0 64 64 128 0 0 0 0 0 64 65 128 0 0 0 0 0 64 64 128 0 0 0 0 0 64 64 128 0 0 0 0 0 64 66 128 0 0 0 0 0 64 63 0 0 0 0 0 0 F:\毕业论文\SkinRetrieval0.3特征数组\pics\batch4\82.jpg
64 5 195 0 0 0 0 0 63 240 177 235 205 2 218 151 64 168 230 0 0 0 0 0 64 65 0 0 0 0 0 0 64 61 0 0 0 0 0 0 64 77 128 0 0 0 0 0 64 64 128 0 0 0 0 0 64 71 0 0 0 0 0 0 64 69 0 0 0 0 0 0 64 80 192 0 0 0 0 0 64 72 128 0 0 0 0 0 64 77 0 0 0 0 0 0 64 69 0 0 0 0 0 0 64 79 128 0 0 0 0 0 64 69 0 0 0 0 0 0 64 57 0 0 0 0 0 0 64 68 0 0 0 0 0 0 64 60 0 0 0 0 0 0 F:\毕业论文\SkinRetrieval0.3特征数组\pics\batch4\83.jpg
64 8 98 0 0 0 0 0 63 248 81 92 144 44 36 228 64 165 52 0 0 0 0 0 64 97 160 0 0 0 0 0 64 97 224 0 0 0 0 0 64 98 64 0 0 0 0 0 64 82 0 0 0 0 0 0 64 68 128 0 0 0 0 0 64 73 128 0 0 0 0 0 64 81 0 0 0 0 0 0 64 70 128 0 0 0 0 0 64 64 128 0 0 0 0 0 64 74 0 0 0 0 0 0 64 79 128 0 0 0 0 0 64 76 0 0 0 0 0 0 64 85 128 0 0 0 0 0 64 82 128 0 0 0 0 0 64 77 128 0 0 0 0 0 F:\毕业论文\SkinRetrieval0.3特征数组\pics\batch4\9.jpg
