1.352e-11 7.477e-15 6.427e-06 1.114e-04 2.524e-10 -6.654e-09 -8.940e-04 -7.439e-04 -3.729e-04 -1.167e-04 6.282e-11 -7.861e-02 1.435e+00 1.653e+01 6.869e+00 -8.007e-01 -4.194e+01 -1.441e+01 -3.154e+00 -5.552e+01 3.000e+00
-2.190e-11 -4.871e-13 1.492e-05 1.308e-04 -1.033e-10 -3.405e-08 -3.836e-04 -1.441e-03 1.575e-03 1.169e-05 -1.009e-10 -3.013e+00 1.235e+00 7.499e+00 -2.409e+00 -9.169e-01 -1.895e+01 -2.645e+01 1.230e+01 6.446e+00 3.000e+00
-1.273e-11 3.236e-13 2.061e-05 1.180e-04 -1.219e-10 1.193e-08 -7.285e-04 1.453e-03 8.825e-04 8.172e-05 -5.831e-11 1.318e+00 7.340e+00 1.845e+01 -3.304e+00 -9.813e-01 -3.447e+01 2.825e+01 7.601e+00 3.922e+01 3.000e+00
-1.935e-12 -8.488e-13 -1.778e-05 5.729e-05 -1.076e-11 -1.181e-08 3.945e-04 -1.373e-03 2.366e-03 -7.819e-05 -8.902e-12 -4.085e+00 -8.599e+00 2.175e+00 -1.833e-01 -1.120e+00 1.863e+01 -2.632e+01 2.048e+01 -3.706e+01 3.000e+00
1.548e-11 1.335e-13 3.636e-05 7.301e-05 -1.426e-10 -1.627e-09 1.319e-04 -1.098e-03 -1.541e-04 2.475e-05 7.225e-11 4.227e-01 1.481e+01 9.540e+00 -3.760e+00 -1.514e+00 5.450e+00 -2.109e+01 -1.594e+00 1.188e+01 3.000e+00
5.939e-13 2.080e-13 1.580e-05 -1.592e-04 -1.877e-10 5.083e-10 1.779e-04 -2.876e-04 6.230e-04 -5.849e-05 1.014e-12 9.930e-01 7.599e+00 -2.390e+01 -5.023e+00 -1.170e+00 8.829e+00 -6.048e+00 5.706e+00 -2.805e+01 3.000e+00
-1.354e-11 2.317e-14 6.239e-05 -2.320e-04 -1.909e-10 3.315e-09 -3.582e-04 1.333e-03 1.079e-03 3.904e-05 -6.484e-11 1.657e-01 2.585e+01 -3.503e+01 -5.222e+00 -1.102e+00 -1.690e+01 2.592e+01 9.667e+00 1.864e+01 3.000e+00
1.251e-11 -1.483e-13 8.596e-06 1.803e-04 3.071e-10 -8.833e-09 -8.214e-04 2.956e-04 -1.198e-03 -6.748e-06 5.971e-11 -4.337e-01 4.304e+00 3.514e+01 8.207e+00 -7.079e-01 -3.799e+01 5.195e+00 -1.026e+01 -3.436e+00 3.000e+00
9.409e-12 1.963e-12 1.615e-05 -1.054e-04 -3.399e-10 1.675e-08 3.305e-04 1.963e-03 1.349e-03 -5.859e-05 4.362e-11 8.950e+00 9.017e+00 -1.572e+01 -9.204e+00 -1.381e+00 1.514e+01 3.801e+01 1.231e+01 -2.836e+01 3.000e+00
2.421e-12 -1.965e-12 2.058e-05 -9.254e-05 1.740e-10 8.121e-10 1.400e-03 3.087e-04 -6.984e-03 4.045e-05 1.121e-11 -8.213e+00 9.998e+00 -6.574e+00 4.583e+00 -1.159e+00 6.667e+01 5.605e+00 -6.127e+01 1.902e+01 3.000e+00
6.937e-13 -4.121e-13 -1.556e-05 -2.213e-05 -1.386e-11 1.542e-09 1.614e-04 -4.747e-04 -3.995e-03 7.637e-05 3.533e-12 -1.219e+00 -3.370e+00 6.459e+00 -5.349e-01 -8.134e-01 8.676e+00 -1.058e+01 -3.479e+01 3.603e+01 3.000e+00
-1.998e-13 -6.674e-13 -1.351e-05 -1.190e-04 -1.082e-10 -2.153e-09 -4.308e-04 -3.457e-05 -3.054e-03 4.617e-05 -7.584e-13 -2.789e+00 -2.926e+00 -1.533e+01 -2.979e+00 -1.404e+00 -2.011e+01 -1.017e+00 -2.689e+01 2.165e+01 3.000e+00
8.952e-12 -1.109e-12 1.865e-05 -4.120e-05 5.473e-11 1.141e-08 6.212e-04 -1.868e-03 -6.280e-04 -5.870e-05 4.108e-11 -5.081e+00 8.453e+00 -8.218e+00 1.482e+00 -1.278e+00 2.884e+01 -3.613e+01 -5.732e+00 -2.796e+01 3.000e+00
-1.000e-11 -1.956e-12 3.103e-05 -1.100e-04 -4.604e-10 -7.088e-09 -2.384e-04 5.559e-04 -3.076e-03 -4.598e-05 -4.729e-11 -8.451e+00 1.436e+01 -1.616e+01 -1.243e+01 -8.212e-01 -1.148e+01 1.052e+01 -2.746e+01 -2.218e+01 3.000e+00
8.803e-12 -3.642e-13 1.725e-05 1.931e-04 -7.443e-11 -6.576e-09 1.037e-03 -5.816e-04 3.058e-03 1.256e-05 4.106e-11 -1.796e+00 6.734e+00 2.770e+01 -1.912e+00 -8.719e-01 4.824e+01 -1.093e+01 2.657e+01 6.166e+00 3.000e+00
7.493e-12 -7.677e-14 5.680e-05 5.045e-05 3.939e-10 1.497e-08 -2.180e-03 6.123e-04 -4.429e-04 1.649e-05 3.564e-11 -8.530e-02 2.491e+01 1.023e+01 1.050e+01 -1.251e+00 -1.030e+02 1.170e+01 -3.812e+00 7.774e+00 3.000e+00
-8.568e-12 -2.039e-12 -5.598e-06 -1.417e-05 6.948e-11 -5.688e-09 1.079e-04 -2.500e-03 -8.711e-04 9.643e-06 -4.021e-11 -9.063e+00 -2.180e+00 -3.787e+00 1.942e+00 -8.270e-01 5.862e+00 -4.862e+01 -7.458e+00 4.577e+00 3.000e+00
4.542e-12 4.606e-14 -4.095e-06 -5.250e-05 -1.753e-10 -1.659e-09 -2.895e-04 1.294e-03 1.623e-03 -8.137e-05 2.120e-11 6.832e-01 -4.284e-01 -2.522e+00 -4.878e+00 -1.331e+00 -1.268e+01 2.457e+01 1.506e+01 -3.912e+01 3.000e+00
-2.022e-11 -2.314e-12 1.326e-05 9.783e-06 -3.716e-10 1.390e-09 -2.378e-04 2.148e-03 -1.137e-03 2.088e-05 -9.442e-11 -9.805e+00 8.204e+00 5.208e+00 -1.016e+01 -1.190e+00 -1.128e+01 4.145e+01 -9.559e+00 9.768e+00 3.000e+00
3.905e-12 -2.214e-12 1.476e-05 -1.072e-04 2.317e-10 2.672e-09 -4.989e-04 1.669e-03 2.814e-05 -3.421e-05 1.752e-11 -8.478e+00 1.248e+01 1.731e-01 5.921e+00 -1.169e+00 -2.144e+01 3.114e+01 1.488e+00 -1.702e+01 3.000e+00
-8.460e-13 3.008e-12 1.338e-05 1.558e-04 6.991e-11 -5.187e-09 5.775e-04 9.189e-05 1.921e-03 2.055e-05 -3.200e-12 1.260e+01 3.035e+00 1.921e+01 1.991e+00 -1.151e+00 2.660e+01 2.418e+00 1.650e+01 1.019e+01 3.000e+00
6.072e-12 2.542e-13 -1.159e-04 -5.197e-05 -6.254e-12 -1.093e-08 -2.204e-04 -2.170e-03 -4.634e-04 -5.364e-05 2.825e-11 1.197e+00 -4.789e+01 -4.045e+00 -1.421e-01 -7.172e-01 -9.704e+00 -4.276e+01 -3.913e+00 -2.573e+01 3.000e+00
9.945e-12 5.400e-13 -2.787e-05 -6.965e-05 -1.123e-10 5.472e-09 -7.247e-04 5.643e-04 4.926e-04 -8.394e-05 4.621e-11 2.118e+00 -1.242e+01 -1.570e+01 -2.971e+00 -8.436e-01 -3.466e+01 1.141e+01 3.849e+00 -3.987e+01 3.000e+00
1.807e-11 4.372e-13 1.632e-05 5.876e-05 -7.160e-11 -1.947e-08 -4.976e-04 -2.505e-03 3.519e-03 -6.193e-06 8.502e-11 1.008e+00 2.334e+00 -2.683e-01 -1.737e+00 -9.579e-01 -2.326e+01 -4.776e+01 3.053e+01 -2.374e+00 3.000e+00
6.304e-12 1.601e-13 -1.171e-05 8.511e-06 2.385e-10 2.221e-08 8.602e-06 2.398e-03 -3.782e-03 2.530e-06 2.968e-11 1.284e+00 -3.283e+00 6.991e+00 6.360e+00 -1.081e+00 3.977e-01 4.657e+01 -3.296e+01 1.119e+00 3.000e+00
1.844e-15 -1.390e-12 2.035e-05 -5.093e-05 2.792e-10 1.103e-08 -8.921e-04 1.670e-03 -2.601e-03 1.472e-04 3.709e-13 -5.694e+00 9.543e+00 -4.363e-01 7.385e+00 -1.247e+00 -4.208e+01 3.207e+01 -2.229e+01 7.001e+01 3.000e+00
4.279e-12 -1.099e-12 2.007e-05 2.095e-04 -1.050e-10 1.519e-08 9.387e-04 -1.899e-04 2.045e-03 6.819e-05 2.148e-11 -5.154e+00 7.002e+00 3.336e+01 -2.777e+00 -1.092e+00 4.339e+01 -3.316e+00 1.775e+01 3.269e+01 3.000e+00
6.184e-12 -1.433e-12 4.629e-06 2.762e-05 -3.639e-10 -1.327e-08 -1.237e-03 -4.277e-05 1.985e-03 -5.815e-05 2.864e-11 -6.380e+00 1.179e+00 2.498e+00 -9.751e+00 -1.065e+00 -5.832e+01 -4.023e-01 1.749e+01 -2.772e+01 3.000e+00
7.571e-12 3.670e-13 -1.113e-06 -2.947e-05 3.918e-11 -8.565e-09 -2.002e-04 1.751e-03 7.761e-04 3.941e-05 3.572e-11 1.254e+00 -1.569e+00 -4.436e+00 1.033e+00 -9.891e-01 -9.515e+00 3.421e+01 6.723e+00 1.887e+01 3.000e+00
4.371e-12 2.780e-12 3.856e-05 -6.926e-06 -2.213e-10 4.648e-09 2.246e-04 -1.786e-04 -3.467e-04 1.075e-05 1.958e-11 1.186e+01 1.467e+01 -8.516e+00 -5.814e+00 -8.857e-01 9.922e+00 -3.098e+00 -4.000e+00 5.388e+00 3.000e+00
1.009e-12 -6.855e-13 -1.787e-06 -5.448e-05 -3.137e-10 -4.647e-09 4.705e-04 9.054e-04 2.226e-03 -9.360e-05 4.341e-12 -2.883e+00 4.900e-01 -3.689e+00 -8.538e+00 -1.635e+00 2.187e+01 1.739e+01 1.989e+01 -4.497e+01 3.000e+00
3.378e-12 1.417e-12 -2.092e-05 -1.119e-05 4.878e-11 -1.057e-08 -1.249e-03 -7.921e-04 4.205e-04 -4.563e-05 1.597e-11 6.681e+00 -6.000e+00 2.954e+00 1.141e+00 -1.028e+00 -5.748e+01 -1.646e+01 4.439e+00 -2.216e+01 3.000e+00
3.071e-12 -2.349e-14 -3.615e-05 6.779e-05 -1.638e-10 6.451e-09 3.661e-05 4.593e-04 6.400e-04 7.446e-05 1.495e-11 -3.451e-01 -1.734e+01 1.156e+01 -4.405e+00 -8.329e-01 1.488e+00 8.892e+00 5.458e+00 3.568e+01 3.000e+00
9.706e-12 2.175e-12 -2.050e-05 1.987e-05 -3.197e-11 8.058e-10 6.027e-05 -6.578e-04 6.893e-04 -6.276e-05 4.576e-11 1.009e+01 -6.172e+00 9.118e+00 -1.033e+00 -1.059e+00 3.403e+00 -1.360e+01 6.705e+00 -3.023e+01 3.000e+00
-2.329e-11 -1.392e-12 -2.000e-05 -7.948e-05 -5.998e-11 1.089e-08 -1.901e-04 6.716e-04 -1.656e-03 4.082e-05 -1.097e-10 -5.567e+00 -5.965e+00 -6.561e+00 -1.748e+00 -1.460e+00 -8.244e+00 1.206e+01 -1.419e+01 1.924e+01 3.000e+00
-1.721e-11 -1.018e-13 2.800e-05 -2.686e-05 -1.128e-10 -6.947e-09 4.439e-04 -1.759e-03 2.510e-04 -2.108e-05 -8.128e-11 -5.014e-01 1.109e+01 -5.124e+00 -2.958e+00 -1.028e+00 2.055e+01 -3.394e+01 2.225e+00 -1.001e+01 3.000e+00
-9.353e-12 5.447e-13 -1.351e-05 -2.107e-05 -9.101e-11 -5.511e-09 -1.680e-04 -1.567e-03 2.319e-03 -2.764e-05 -4.366e-11 1.699e+00 -7.717e+00 -7.955e+00 -2.331e+00 -1.410e+00 -8.871e+00 -2.985e+01 1.972e+01 -1.303e+01 3.000e+00
3.136e-12 -2.378e-12 1.488e-05 1.719e-04 8.109e-11 -2.169e-10 3.193e-04 1.524e-03 -8.132e-04 -1.097e-05 1.543e-11 -9.689e+00 9.836e+00 4.072e+01 1.956e+00 -1.192e+00 1.668e+01 2.870e+01 -6.108e+00 -5.594e+00 3.000e+00
5.285e-12 -1.005e-12 5.519e-06 6.681e-05 -5.882e-11 5.927e-09 -3.187e-04 7.268e-05 8.598e-04 8.302e-05 2.515e-11 -4.796e+00 2.576e+00 6.777e+00 -1.493e+00 -1.155e+00 -1.577e+01 1.984e+00 7.444e+00 3.966e+01 3.000e+00
-7.290e-12 1.528e-13 -1.956e-05 -4.417e-05 -5.477e-12 -4.405e-09 -2.646e-04 -1.778e-03 1.765e-03 8.365e-05 -3.399e-11 4.636e-01 -9.438e+00 -1.099e+01 -8.662e-02 -6.005e-01 -1.267e+01 -3.439e+01 1.545e+01 3.991e+01 3.000e+00
1.610e-12 -1.477e-12 3.813e-05 6.770e-05 6.149e-11 -7.168e-09 1.814e-04 1.182e-03 1.363e-03 3.058e-05 7.833e-12 -6.983e+00 1.455e+01 6.286e+00 1.835e+00 -1.466e+00 8.187e+00 2.401e+01 1.117e+01 1.488e+01 3.000e+00
1.075e-11 2.013e-12 4.081e-05 9.282e-05 -1.415e-10 8.357e-09 3.019e-04 -2.087e-04 -2.864e-03 9.659e-06 5.092e-11 8.385e+00 1.514e+01 7.665e+00 -3.694e+00 -1.139e+00 1.392e+01 -3.482e+00 -2.592e+01 5.130e+00 3.000e+00
1.127e-11 6.250e-14 6.769e-05 1.560e-04 -9.690e-12 6.717e-09 3.535e-04 4.180e-04 -2.813e-03 -3.226e-05 5.333e-11 -2.586e-01 2.563e+01 1.887e+01 -1.250e-01 -1.360e+00 1.579e+01 8.947e+00 -2.540e+01 -1.484e+01 3.000e+00
-2.088e-11 2.846e-13 -3.619e-05 -1.478e-05 2.171e-10 -6.154e-09 2.365e-04 -1.210e-03 -1.668e-03 5.362e-05 -9.814e-11 8.842e-01 -1.533e+01 -7.107e+00 5.986e+00 -1.104e+00 1.106e+01 -2.338e+01 -1.522e+01 2.553e+01 3.000e+00
2.872e-11 -9.539e-15 -9.174e-05 -1.886e-04 2.891e-11 -3.782e-09 -1.128e-03 3.762e-03 -2.819e-03 5.693e-05 1.333e-10 1.621e+00 -3.051e+01 -7.995e+00 3.739e-01 -1.145e+00 -5.145e+01 7.090e+01 -2.288e+01 2.598e+01 3.000e+00
1.302e-11 2.938e-12 2.533e-05 -1.362e-04 7.111e-11 -1.442e-08 1.547e-05 -1.120e-03 3.922e-03 -3.675e-05 5.993e-11 1.211e+01 7.681e+00 -3.172e+01 2.177e+00 -1.331e+00 3.123e-02 -2.072e+01 3.389e+01 -1.704e+01 3.000e+00
-2.765e-11 -5.963e-14 1.954e-05 1.684e-05 -1.163e-10 1.627e-09 9.722e-05 7.280e-04 -5.549e-03 -3.437e-05 -1.293e-10 -7.950e-02 7.500e+00 2.923e+00 -3.135e+00 -1.122e+00 4.642e+00 1.435e+01 -4.902e+01 -1.635e+01 3.000e+00
-1.608e-11 2.580e-12 3.693e-05 3.084e-05 5.097e-11 -1.599e-10 7.523e-04 -1.649e-03 -2.059e-04 7.082e-05 -7.586e-11 1.079e+01 1.296e+01 -4.051e+00 1.524e+00 -8.387e-01 3.464e+01 -3.146e+01 -2.410e+00 3.394e+01 3.000e+00
-3.242e-11 2.618e-13 3.523e-05 5.847e-05 -1.118e-10 -3.018e-09 5.506e-04 -6.608e-04 1.285e-03 6.781e-05 -1.528e-10 8.563e-01 1.396e+01 5.763e+00 -2.874e+00 -8.124e-01 2.550e+01 -1.253e+01 1.093e+01 3.249e+01 3.000e+00
-1.223e-12 2.078e-13 -4.440e-05 1.235e-04 4.311e-11 2.533e-09 -1.156e-04 -1.223e-03 -7.997e-05 1.924e-05 -4.701e-12 9.073e-01 -1.918e+01 2.039e+01 1.092e+00 -9.344e-01 -5.326e+00 -2.387e+01 -4.561e-01 9.273e+00 3.000e+00
8.893e-12 -2.251e-13 -1.086e-05 2.199e-04 9.178e-11 1.290e-09 -1.260e-04 -1.735e-03 -2.225e-03 7.099e-05 4.312e-11 -1.168e+00 -5.601e+00 3.023e+01 2.516e+00 -1.058e+00 -7.023e+00 -3.361e+01 -1.993e+01 3.383e+01 3.000e+00
1.126e-11 1.943e-12 6.621e-05 1.001e-04 2.460e-11 1.150e-08 5.138e-04 -4.258e-04 -2.737e-04 1.146e-05 5.331e-11 7.914e+00 2.638e+01 9.796e+00 8.529e-01 -9.813e-01 2.325e+01 -7.684e+00 -2.866e+00 5.760e+00 3.000e+00
2.326e-11 -5.200e-13 -3.491e-05 2.266e-05 -2.331e-10 1.542e-08 -2.627e-04 1.505e-03 -3.532e-03 2.208e-05 1.098e-10 -2.257e+00 -1.606e+01 2.200e+00 -6.277e+00 -1.129e+00 -1.277e+01 2.987e+01 -3.145e+01 1.082e+01 3.000e+00
-1.772e-11 9.261e-13 -1.052e-04 1.201e-05 -7.591e-11 -7.231e-09 9.672e-05 -1.140e-03 -1.674e-03 -4.079e-05 -8.276e-11 4.182e+00 -4.287e+01 6.310e+00 -2.052e+00 -1.123e+00 5.014e+00 -2.225e+01 -1.451e+01 -1.973e+01 3.000e+00
1.077e-11 -1.043e-12 -1.534e-05 -7.437e-05 4.285e-11 1.335e-08 7.995e-04 -1.292e-03 2.806e-03 1.898e-05 4.941e-11 -4.479e+00 -4.412e+00 -1.127e+01 1.165e+00 -6.558e-01 3.732e+01 -2.523e+01 2.497e+01 8.856e+00 3.000e+00
-1.619e-12 -1.473e-12 2.645e-05 7.093e-05 -3.866e-11 -8.316e-10 6.743e-04 -5.120e-04 1.695e-03 -3.780e-05 -7.355e-12 -6.802e+00 8.430e+00 2.760e+00 -8.467e-01 -1.195e+00 3.091e+01 -9.127e+00 1.436e+01 -1.777e+01 3.000e+00
-1.816e-11 -1.629e-12 -1.732e-05 -1.274e-05 -8.063e-11 7.863e-09 9.690e-04 2.550e-04 8.572e-05 2.519e-05 -8.431e-11 -7.115e+00 -7.192e+00 -7.118e+00 -2.104e+00 -9.266e-01 4.515e+01 5.264e+00 6.578e-01 1.209e+01 3.000e+00
7.923e-12 -2.047e-13 -5.347e-05 -1.043e-04 -1.611e-10 -3.600e-10 5.143e-04 -1.283e-03 9.743e-04 -6.679e-05 3.692e-11 -1.427e+00 -2.588e+01 -2.472e+01 -4.127e+00 -1.341e+00 2.285e+01 -2.398e+01 7.766e+00 -3.137e+01 3.000e+00
-1.877e-12 -1.091e-12 9.576e-05 1.415e-04 -1.962e-10 9.958e-09 9.806e-04 8.372e-05 2.168e-03 -4.760e-05 -8.183e-12 -5.184e+00 3.883e+01 1.727e+01 -5.171e+00 -1.485e+00 4.535e+01 2.178e+00 1.881e+01 -2.236e+01 3.000e+00
-1.105e-11 1.937e-12 1.528e-05 -1.792e-05 -1.287e-10 2.493e-08 -4.812e-04 2.114e-03 1.681e-03 -1.423e-05 -5.113e-11 8.350e+00 4.044e+00 -7.476e+00 -3.491e+00 -1.115e+00 -2.358e+01 4.166e+01 1.460e+01 -6.379e+00 3.000e+00
1.038e-11 2.668e-12 2.316e-05 8.657e-05 -1.545e-11 -1.080e-08 -2.989e-04 -1.128e-03 -5.782e-05 4.873e-05 4.905e-11 1.093e+01 5.754e+00 4.077e+00 -1.306e-01 -3.856e-01 -1.460e+01 -2.092e+01 -1.556e+00 2.379e+01 3.000e+00
-1.176e-11 -3.662e-13 4.169e-05 6.782e-06 -8.806e-11 2.575e-09 5.777e-04 1.060e-03 -3.974e-03 6.620e-05 -5.437e-11 -1.630e+00 1.699e+01 -5.926e-01 -2.341e+00 -1.013e+00 2.717e+01 2.110e+01 -3.538e+01 3.179e+01 3.000e+00
-9.200e-12 -1.174e-12 -1.326e-05 -1.939e-05 5.019e-11 -1.890e-08 2.418e-04 2.935e-03 2.710e-03 1.546e-05 -4.261e-11 -4.321e+00 -1.641e+00 8.517e+00 1.098e+00 -1.356e+00 1.301e+01 5.594e+01 2.511e+01 6.804e+00 3.000e+00
3.382e-12 -1.621e-13 -3.748e-05 -7.109e-05 -5.962e-11 1.252e-09 -9.698e-04 8.584e-04 -1.977e-03 -4.892e-05 1.525e-11 -3.402e-01 -1.432e+01 -4.546e+00 -1.743e+00 -1.075e+00 -4.550e+01 1.614e+01 -1.693e+01 -2.358e+01 3.000e+00
-4.899e-12 2.690e-12 3.735e-05 -1.222e-04 -1.660e-10 1.198e-08 -4.071e-04 6.683e-07 -1.700e-03 4.230e-05 -2.374e-11 1.188e+01 1.627e+01 -1.860e+01 -4.543e+00 -1.114e+00 -1.866e+01 1.040e-01 -1.467e+01 2.023e+01 3.000e+00
-8.260e-12 1.741e-13 -3.822e-05 5.007e-05 -3.691e-11 7.931e-09 9.117e-05 -7.509e-05 2.576e-03 7.657e-05 -3.837e-11 7.242e-01 -1.657e+01 5.048e+00 -1.013e+00 -8.094e-01 3.987e+00 -1.422e+00 2.291e+01 3.682e+01 3.000e+00
5.769e-12 -1.224e-12 2.005e-05 7.265e-05 -7.462e-11 1.080e-08 -5.561e-06 8.215e-04 5.534e-05 -1.634e-05 2.751e-11 -5.310e+00 7.816e+00 1.159e+01 -2.041e+00 -9.344e-01 -5.072e-01 1.611e+01 4.013e-01 -7.616e+00 3.000e+00
9.762e-12 -9.137e-13 -2.990e-05 6.838e-05 -2.640e-11 1.853e-10 5.862e-04 9.706e-04 -3.541e-03 9.663e-05 4.651e-11 -3.662e+00 -1.180e+01 1.505e+01 -7.749e-01 -1.122e+00 2.753e+01 1.858e+01 -3.096e+01 4.587e+01 3.000e+00
1.356e-11 -1.866e-12 1.337e-05 4.995e-05 5.856e-11 -5.201e-09 6.442e-04 1.474e-03 2.737e-03 -5.133e-05 6.379e-11 -7.828e+00 7.572e+00 1.382e+01 1.386e+00 -1.192e+00 3.143e+01 2.796e+01 2.494e+01 -2.465e+01 3.000e+00
1.581e-12 2.348e-12 -2.757e-05 1.577e-04 9.959e-12 -1.210e-08 1.586e-04 -4.151e-04 -2.407e-04 4.379e-05 8.702e-12 1.038e+01 -1.142e+01 2.573e+01 2.417e-01 -1.001e+00 8.054e+00 -8.290e+00 -2.115e+00 2.089e+01 3.000e+00
2.355e-11 -1.363e-12 4.222e-05 -3.910e-05 -3.053e-10 -1.432e-09 1.357e-04 -3.774e-05 3.847e-03 -5.203e-05 1.102e-10 -6.008e+00 1.700e+01 -1.119e+01 -8.162e+00 -1.165e+00 5.801e+00 -4.587e-01 3.400e+01 -2.476e+01 3.000e+00
6.286e-12 -1.851e-12 1.157e-07 -2.591e-05 -1.084e-10 2.423e-09 1.358e-04 2.205e-04 -7.321e-04 -7.565e-06 2.868e-11 -7.974e+00 1.900e+00 -9.256e-01 -2.963e+00 -1.191e+00 6.453e+00 3.993e+00 -6.114e+00 -3.830e+00 3.000e+00
1.719e-12 2.739e-13 4.701e-05 1.809e-05 2.018e-09 -3.643e-08 1.202e-04 -8.530e-04 6.822e-04 -1.938e-05 1.195e-11 9.801e-01 1.526e+01 -1.045e+01 5.444e+01 -1.159e+00 4.793e+00 -1.547e+01 4.600e+00 -8.366e+00 3.000e+00
-2.741e-12 3.526e-13 2.786e-05 -8.570e-05 -4.923e-10 1.661e-08 4.056e-04 5.965e-04 1.556e-03 6.893e-05 -1.268e-11 1.161e+00 9.847e+00 -1.769e+01 -1.327e+01 -1.216e+00 1.867e+01 1.215e+01 1.344e+01 3.314e+01 3.000e+00
3.078e-12 6.888e-13 -3.447e-05 -9.351e-05 -1.009e-10 -3.563e-09 -1.329e-04 4.769e-04 1.383e-03 6.715e-05 1.479e-11 2.808e+00 -1.659e+01 -1.354e+01 -2.702e+00 -8.622e-01 -6.139e+00 9.572e+00 1.208e+01 3.219e+01 3.000e+00
6.203e-12 3.719e-13 6.497e-06 -3.320e-05 -1.257e-10 -2.539e-08 2.612e-04 -2.721e-04 -4.227e-03 1.430e-05 2.982e-11 1.306e+00 9.813e-01 -8.937e+00 -3.328e+00 -1.177e+00 1.278e+01 -5.163e+00 -3.770e+01 7.050e+00 3.000e+00
7.989e-12 -2.082e-12 -3.860e-05 1.437e-05 -2.105e-10 -9.676e-09 5.399e-04 4.283e-04 -1.681e-03 -4.259e-05 3.686e-11 -8.669e+00 -1.328e+01 1.351e+01 -5.857e+00 -1.149e+00 2.615e+01 7.354e+00 -1.423e+01 -2.066e+01 3.000e+00
-1.428e-12 -1.879e-12 -2.485e-05 8.887e-05 1.690e-10 2.641e-08 -1.173e-04 2.080e-03 8.401e-04 1.904e-05 -5.724e-12 -8.008e+00 -8.582e+00 1.715e+01 4.552e+00 -1.544e+00 -5.527e+00 3.997e+01 7.822e+00 8.981e+00 3.000e+00
-7.908e-11 -7.638e-13 1.815e-05 9.662e-05 8.537e-10 8.834e-09 -4.256e-04 1.200e-03 2.116e-04 -3.805e-05 -3.703e-10 -2.992e+00 9.849e+00 2.034e+01 2.298e+01 -1.081e+00 -1.956e+01 2.318e+01 2.200e+00 -1.832e+01 3.000e+00
-8.965e-12 -1.639e-12 -6.913e-06 -2.977e-05 -2.701e-10 1.059e-08 1.367e-04 1.517e-03 -1.041e-03 6.818e-06 -4.133e-11 -6.147e+00 2.840e+00 9.704e+00 -7.613e+00 -9.969e-01 7.850e+00 2.812e+01 -7.919e+00 2.700e+00 3.000e+00
8.187e-12 1.149e-12 5.160e-05 -2.982e-05 -1.296e-10 1.515e-08 2.400e-04 1.023e-03 1.480e-04 6.720e-05 3.898e-11 5.382e+00 2.325e+01 1.396e+00 -3.601e+00 -7.372e-01 1.132e+01 1.951e+01 1.746e+00 3.176e+01 3.000e+00
1.261e-11 2.839e-12 -9.294e-06 1.767e-04 3.327e-11 -8.467e-09 5.711e-04 4.130e-04 2.355e-03 2.381e-05 5.933e-11 1.179e+01 -9.249e+00 1.651e+01 1.164e+00 -9.657e-01 2.599e+01 9.442e+00 2.006e+01 1.220e+01 3.000e+00
2.684e-11 1.914e-12 2.099e-05 -1.516e-04 3.614e-11 -5.889e-09 4.628e-04 -3.313e-04 1.614e-03 -4.470e-05 1.251e-10 7.628e+00 5.060e+00 -3.723e+01 1.194e+00 -1.077e+00 2.090e+01 -5.202e+00 1.368e+01 -2.096e+01 3.000e+00
3.301e-12 4.108e-13 3.503e-05 -1.043e-04 2.004e-09 -4.998e-08 6.013e-05 -7.687e-04 4.685e-04 -1.766e-05 1.195e-11 9.801e-01 1.526e+01 -1.045e+01 5.444e+01 -1.159e+00 4.793e+00 -1.547e+01 4.600e+00 -8.366e+00 3.000e+00
-9.109e-12 4.252e-13 -1.065e-05 -3.136e-05 6.052e-12 1.722e-08 9.388e-04 -6.401e-04 -8.662e-04 -3.471e-05 -4.299e-11 1.946e+00 -4.262e+00 -7.983e+00 2.021e-01 -1.059e+00 4.385e+01 -1.249e+01 -7.723e+00 -1.662e+01 3.000e+00
5.394e-12 1.853e-12 2.913e-06 -7.412e-05 -1.627e-10 -6.151e-09 -2.077e-04 -8.406e-04 -1.825e-03 -2.609e-05 2.379e-11 8.099e+00 6.204e-01 -1.287e+01 -4.397e+00 -9.403e-01 -9.746e+00 -1.631e+01 -1.626e+01 -1.233e+01 3.000e+00
-1.330e-11 2.612e-12 6.642e-05 1.838e-04 -2.381e-11 2.068e-09 1.513e-04 -7.537e-05 -1.607e-03 -2.633e-05 -6.178e-11 1.120e+01 2.469e+01 2.369e+01 -5.462e-01 -1.138e+00 6.355e+00 -8.708e-01 -1.445e+01 -1.209e+01 3.000e+00
4.408e-12 -8.718e-14 2.228e-05 4.415e-05 -5.293e-11 -1.808e-08 -3.730e-04 -1.232e-03 1.004e-03 3.927e-05 2.021e-11 -8.402e-01 6.822e+00 1.458e+00 -1.321e+00 -1.122e+00 -1.761e+01 -2.342e+01 8.620e+00 1.911e+01 3.000e+00
1.016e-11 2.933e-12 -9.860e-07 -4.378e-05 -3.282e-10 1.714e-08 -9.313e-04 1.987e-03 6.532e-04 -2.075e-05 4.784e-11 1.281e+01 -9.963e-01 -1.167e+01 -8.823e+00 -1.059e+00 -4.389e+01 3.892e+01 5.717e+00 -9.589e+00 3.000e+00
2.357e-12 -1.430e-12 -2.571e-05 1.975e-04 -3.056e-11 4.113e-09 -3.630e-04 -1.121e-03 -5.183e-04 -5.343e-06 1.233e-11 -6.589e+00 -1.377e+01 2.917e+01 -7.318e-01 -9.188e-01 -1.740e+01 -2.148e+01 -5.093e+00 -2.234e+00 3.000e+00
-1.157e-11 2.123e-12 5.565e-05 4.502e-05 -1.471e-10 4.148e-09 -2.123e-05 -2.027e-04 -9.249e-04 9.516e-06 -5.355e-11 8.904e+00 2.283e+01 2.282e+00 -3.909e+00 -1.153e+00 -1.152e+00 -3.837e+00 -8.600e+00 4.977e+00 3.000e+00
-4.031e-12 -3.682e-13 -4.822e-05 2.252e-06 -6.516e-11 -3.094e-09 5.225e-04 5.547e-04 4.282e-04 -1.144e-04 -1.864e-11 -1.753e+00 -2.167e+01 -1.666e+00 -1.638e+00 -1.370e+00 2.414e+01 1.136e+01 3.390e+00 -5.439e+01 3.000e+00
-1.516e-11 -6.330e-13 -1.793e-05 -1.256e-04 -7.781e-11 -1.106e-08 -2.215e-04 1.276e-03 -2.186e-03 -2.830e-05 -7.134e-11 -2.592e+00 -5.439e+00 -1.457e+01 -2.278e+00 -9.247e-01 -9.775e+00 2.446e+01 -1.856e+01 -1.354e+01 3.000e+00
4.813e-12 -2.276e-12 -1.354e-05 -1.466e-04 5.367e-10 -2.010e-09 9.633e-04 2.799e-03 -4.493e-03 -1.279e-05 2.139e-11 -8.757e+00 1.500e+00 -2.492e+00 1.414e+01 -1.120e+00 4.741e+01 5.265e+01 -3.815e+01 -7.028e+00 3.000e+00
-2.132e-12 -1.930e-12 1.054e-05 -3.404e-05 -2.038e-11 -5.788e-09 6.514e-04 -5.710e-04 3.441e-04 -6.642e-05 -1.087e-11 -8.669e+00 4.328e+00 -7.108e+00 -4.423e-01 -1.341e+00 3.031e+01 -1.103e+01 2.771e+00 -3.171e+01 3.000e+00
8.377e-12 -1.495e-12 -4.122e-05 1.253e-04 1.543e-10 -1.275e-08 -9.600e-04 -7.909e-04 -9.027e-04 5.297e-05 3.975e-11 -6.667e+00 -1.656e+01 1.947e+01 4.105e+00 -7.469e-01 -4.477e+01 -1.580e+01 -7.635e+00 2.520e+01 3.000e+00
-1.118e-11 8.519e-13 -3.399e-05 2.166e-04 -7.880e-10 3.338e-08 -3.853e-05 -2.982e-03 -6.706e-04 -5.956e-05 -5.188e-11 3.062e+00 -1.856e+01 2.073e+01 -2.110e+01 -8.661e-01 -4.973e+00 -5.682e+01 -6.688e+00 -2.805e+01 3.000e+00
3.033e-12 4.378e-13 4.301e-05 -1.963e-05 1.993e-09 -1.117e-08 1.041e-04 -8.260e-04 5.564e-04 -1.404e-05 1.195e-11 9.801e-01 1.526e+01 -1.045e+01 5.444e+01 -1.159e+00 4.793e+00 -1.547e+01 4.600e+00 -8.366e+00 3.000e+00
1.653e-11 -2.022e-12 9.808e-07 3.057e-05 -1.473e-10 -7.602e-09 -4.647e-05 -1.193e-03 -3.064e-04 -6.687e-05 7.721e-11 -9.199e+00 -9.594e-01 8.747e-01 -3.856e+00 -1.157e+00 -2.673e+00 -2.309e+01 -3.318e+00 -3.170e+01 3.000e+00
-9.397e-12 1.626e-12 5.032e-05 4.913e-05 -9.009e-11 1.040e-08 -3.149e-06 -1.883e-04 -2.200e-03 6.411e-05 -4.368e-11 7.239e+00 2.131e+01 7.939e+00 -2.465e+00 -1.106e+00 -2.969e-01 -3.602e+00 -1.922e+01 3.061e+01 3.000e+00
1.085e-11 1.785e-12 -1.844e-06 -2.834e-04 -1.407e-10 1.511e-08 -1.690e-04 2.318e-03 -1.854e-03 -4.312e-05 5.026e-11 9.085e+00 4.959e+00 -3.020e+01 -4.158e+00 -1.224e+00 -6.909e+00 4.341e+01 -1.515e+01 -2.123e+01 3.000e+00
1.278e-11 -1.895e-12 -1.699e-05 9.811e-05 3.328e-10 -1.070e-08 -1.523e-04 -8.473e-04 7.216e-04 -6.983e-05 6.028e-11 -8.655e+00 -8.287e+00 1.438e+01 9.127e+00 -9.569e-01 -7.153e+00 -1.604e+01 5.841e+00 -3.316e+01 3.000e+00
1.695e-11 5.099e-13 -3.896e-05 2.701e-05 -4.106e-11 -8.674e-09 3.101e-04 1.207e-03 2.831e-05 4.327e-05 7.943e-11 2.290e+00 -1.603e+01 2.860e+00 -1.118e+00 -1.420e+00 1.508e+01 2.349e+01 2.450e-01 2.054e+01 3.000e+00
-8.093e-12 3.018e-12 -1.119e-06 1.371e-04 -2.481e-10 1.664e-08 -1.559e-04 -4.055e-04 -1.403e-03 5.612e-05 -3.746e-11 1.321e+01 -1.772e+00 2.060e+01 -6.725e+00 -9.188e-01 -7.039e+00 -8.232e+00 -1.264e+01 2.693e+01 3.000e+00
8.729e-12 -6.679e-13 7.289e-06 -4.093e-05 2.452e-11 -5.316e-09 -8.897e-05 -8.200e-04 2.254e-03 -2.431e-05 4.091e-11 -3.107e+00 2.284e+00 -6.212e+00 7.675e-01 -9.891e-01 -5.028e+00 -1.568e+01 1.966e+01 -1.147e+01 3.000e+00
4.835e-11 -1.742e-12 -6.911e-05 -1.514e-04 2.000e-10 4.363e-08 1.283e-04 2.601e-03 -1.992e-03 1.739e-05 2.253e-10 -6.818e+00 -2.541e+01 -1.395e+01 5.176e+00 -1.263e+00 6.033e+00 4.935e+01 -1.657e+01 7.802e+00 3.000e+00
-3.293e-11 -2.554e-13 -4.914e-05 -1.430e-04 -5.209e-11 -1.148e-08 -8.755e-04 -1.025e-03 -2.615e-03 1.305e-04 -1.561e-10 -1.177e+00 -2.186e+01 -2.574e+01 -1.395e+00 -1.059e+00 -4.145e+01 -1.990e+01 -2.348e+01 6.232e+01 3.000e+00
-2.823e-11 -9.764e-13 -6.140e-05 -1.758e-04 -3.170e-11 6.123e-09 -7.075e-04 1.508e-03 -3.350e-03 5.447e-08 -1.322e-10 -2.975e+00 -2.155e+01 -1.075e+01 -1.261e+00 -1.028e+00 -3.216e+01 2.784e+01 -2.832e+01 -7.787e-01 3.000e+00
5.398e-12 -1.320e-12 6.138e-05 -3.265e-04 -1.065e-10 1.091e-08 5.393e-04 -9.483e-04 3.203e-03 2.848e-05 2.309e-11 -5.744e+00 2.530e+01 -5.451e+01 -2.753e+00 -1.112e+00 2.488e+01 -1.834e+01 2.815e+01 1.369e+01 3.000e+00
-7.624e-13 3.152e-12 -2.088e-05 -2.077e-04 2.786e-10 -4.731e-10 -1.121e-03 -1.482e-03 -1.569e-03 6.356e-06 -5.770e-12 1.346e+01 -1.019e+01 -3.756e+01 7.644e+00 -1.084e+00 -5.313e+01 -2.835e+01 -1.432e+01 3.115e+00 3.000e+00
3.369e-11 -3.371e-13 2.749e-05 -2.861e-05 -4.658e-10 2.979e-09 -8.388e-04 -1.377e-03 -3.195e-03 7.075e-05 1.578e-10 -2.269e+00 7.233e+00 -1.526e+01 -1.232e+01 -7.196e-01 -4.100e+01 -2.588e+01 -2.925e+01 3.408e+01 3.000e+00
-1.472e-11 -1.411e-12 -3.727e-05 -1.583e-04 3.104e-10 -7.818e-10 -1.810e-05 -7.703e-05 1.390e-03 1.498e-05 -6.977e-11 -5.513e+00 -1.155e+01 -1.749e+01 8.302e+00 -1.225e+00 -3.568e-01 -2.363e+00 1.288e+01 6.735e+00 3.000e+00
-1.975e-11 1.363e-12 -2.191e-05 1.375e-05 -1.118e-10 1.328e-09 2.142e-04 -1.622e-03 -9.264e-04 2.973e-05 -9.324e-11 5.776e+00 -1.006e+01 -3.376e+00 -2.886e+00 -1.231e+00 9.703e+00 -3.099e+01 -8.455e+00 1.432e+01 3.000e+00
-1.214e-11 8.744e-13 4.072e-05 -3.998e-05 -4.512e-11 3.892e-09 -3.861e-04 5.671e-04 1.395e-03 5.053e-05 -5.736e-11 4.334e+00 1.992e+01 -4.949e-01 -1.371e+00 -1.089e+00 -1.752e+01 1.039e+01 1.289e+01 2.373e+01 3.000e+00
-2.468e-11 1.757e-12 -3.851e-05 5.068e-05 -2.819e-11 5.948e-09 -5.700e-04 2.391e-05 6.348e-04 6.237e-06 -1.161e-10 7.684e+00 -1.707e+01 6.192e+00 -7.353e-01 -8.075e-01 -2.612e+01 3.557e-01 5.581e+00 3.236e+00 3.000e+00
4.947e-12 2.136e-12 6.350e-06 1.424e-04 1.541e-11 -9.698e-09 4.720e-04 1.016e-03 2.861e-03 -8.131e-05 2.468e-11 9.326e+00 1.567e+00 2.005e+01 4.181e-01 -1.244e+00 2.258e+01 1.999e+01 2.498e+01 -3.860e+01 3.000e+00
-4.493e-12 2.444e-12 -4.266e-05 2.786e-05 4.809e-10 6.677e-09 -9.701e-05 -5.106e-05 -2.976e-03 7.841e-05 -2.066e-11 1.094e+01 -1.683e+01 9.118e+00 1.289e+01 -9.843e-01 -4.299e+00 -1.414e+00 -2.595e+01 3.724e+01 3.000e+00
2.124e-11 3.603e-13 -1.989e-05 1.490e-04 -6.174e-10 -1.110e-08 -3.312e-04 -3.518e-05 -1.452e-03 -4.320e-05 1.002e-10 1.866e+00 -6.830e+00 2.568e+01 -1.670e+01 -1.182e+00 -1.544e+01 -1.084e+00 -1.271e+01 -2.086e+01 3.000e+00
1.096e-12 1.786e-13 -1.870e-05 1.132e-04 1.579e-10 -6.893e-09 5.336e-04 -1.001e-03 1.426e-03 1.972e-05 5.673e-12 6.652e-01 -9.371e+00 1.160e+01 4.351e+00 -8.515e-01 2.482e+01 -1.883e+01 1.208e+01 9.542e+00 3.000e+00
4.261e-11 -2.000e-12 1.095e-05 -6.206e-05 1.932e-10 -8.837e-09 -6.576e-04 -1.378e-03 2.418e-03 -4.245e-06 1.983e-10 -9.131e+00 4.284e+00 -1.521e+01 5.382e+00 -1.045e+00 -3.121e+01 -2.638e+01 2.104e+01 -1.931e+00 3.000e+00
-3.367e-11 -5.429e-13 3.363e-05 -1.372e-04 -3.941e-11 -5.657e-09 -8.428e-04 2.689e-04 8.366e-04 1.954e-05 -1.570e-10 -1.926e+00 1.675e+01 -1.434e+01 -1.263e+00 -1.528e+00 -3.926e+01 4.762e+00 7.628e+00 9.035e+00 3.000e+00
-1.529e-11 6.964e-14 -3.091e-06 8.189e-05 -1.027e-11 -8.104e-09 -1.165e-03 -2.124e-03 -1.235e-03 -1.548e-05 -7.109e-11 3.555e-01 -6.917e-01 1.222e+01 -2.199e-01 -8.827e-01 -5.465e+01 -4.163e+01 -1.095e+01 -7.492e+00 3.000e+00
-5.054e-12 -9.809e-13 2.547e-06 -8.140e-05 -1.064e-10 -2.569e-08 5.566e-04 -6.081e-04 -2.375e-04 5.957e-06 -2.456e-11 -4.520e+00 -4.715e-01 -1.777e+01 -2.781e+00 -1.203e+00 2.597e+01 -1.095e+01 -2.344e+00 2.970e+00 3.000e+00
-1.688e-12 -8.467e-13 3.064e-05 -1.415e-04 -1.051e-10 -1.885e-08 -2.192e-04 -9.709e-04 1.127e-03 1.621e-05 -8.347e-12 -3.607e+00 1.621e+01 -2.037e+01 -2.923e+00 -9.110e-01 -9.377e+00 -1.894e+01 1.023e+01 7.401e+00 3.000e+00
-1.767e-11 2.116e-13 3.435e-06 -2.573e-05 -4.204e-10 -2.921e-08 -1.881e-04 4.753e-04 -9.243e-04 3.414e-05 -8.328e-11 1.330e+00 3.347e+00 1.454e+00 -1.156e+01 -9.501e-01 -7.712e+00 9.086e+00 -7.428e+00 1.606e+01 3.000e+00
-1.321e-12 2.609e-12 1.273e-05 -1.423e-04 -2.173e-11 1.001e-09 3.967e-04 1.436e-03 -5.290e-03 -8.937e-05 -6.707e-12 1.197e+01 9.326e+00 -1.208e+01 -8.009e-01 -1.087e+00 2.005e+01 2.722e+01 -4.592e+01 -4.296e+01 3.000e+00
7.943e-12 -2.134e-13 -1.224e-05 2.045e-04 2.623e-10 7.771e-09 3.214e-04 1.604e-03 7.617e-03 2.869e-05 3.750e-11 -1.060e+00 -5.820e+00 2.797e+01 7.193e+00 -1.330e+00 1.458e+01 3.189e+01 6.734e+01 1.369e+01 3.000e+00
-3.369e-11 2.736e-13 3.357e-05 -7.239e-05 -7.327e-10 -4.840e-09 -2.508e-05 -1.239e-04 3.048e-03 -7.386e-06 -1.584e-10 1.137e+00 1.245e+01 -1.142e+01 -1.981e+01 -9.926e-01 -1.027e+00 -2.603e+00 2.714e+01 -3.454e+00 3.000e+00
7.289e-12 5.790e-13 -3.995e-05 -1.470e-04 -1.058e-10 -5.083e-10 2.727e-04 8.122e-04 1.598e-04 -3.901e-05 3.259e-11 2.338e+00 -1.683e+01 -2.379e+01 -2.812e+00 -1.357e+00 1.292e+01 1.609e+01 1.369e+00 -1.869e+01 3.000e+00
1.915e-12 2.721e-12 -6.579e-05 2.479e-04 1.684e-10 8.554e-09 -4.770e-04 -2.923e-03 3.282e-04 8.305e-05 9.327e-12 1.149e+01 -2.899e+01 3.332e+01 4.740e+00 -9.501e-01 -2.344e+01 -5.625e+01 2.213e+00 3.994e+01 3.000e+00
2.941e-11 -1.057e-12 -3.627e-05 -2.918e-04 3.922e-11 -1.321e-08 -1.101e-04 9.804e-04 5.178e-04 3.745e-05 1.369e-10 -4.248e+00 -1.276e+01 -4.083e+01 9.404e-01 -9.032e-01 -4.403e+00 1.864e+01 5.248e+00 1.776e+01 3.000e+00
7.190e-12 4.767e-14 2.983e-05 2.717e-06 2.511e-10 3.002e-09 1.934e-04 6.145e-04 -4.560e-03 -3.492e-05 3.330e-11 6.208e-01 1.550e+01 3.513e+00 6.742e+00 -7.579e-01 9.045e+00 1.167e+01 -4.007e+01 -1.699e+01 3.000e+00
6.985e-12 9.216e-14 2.930e-05 1.115e-04 2.161e-11 -5.274e-09 1.739e-04 -1.866e-03 1.205e-03 4.760e-05 3.279e-11 4.683e-01 1.348e+01 1.429e+01 6.769e-01 -1.128e+00 8.012e+00 -3.608e+01 1.052e+01 2.269e+01 3.000e+00
-2.992e-13 4.951e-13 -6.807e-06 1.124e-04 -1.043e-10 2.373e-09 2.649e-04 -5.173e-04 -1.866e-03 4.113e-05 -8.468e-13 1.584e+00 -5.478e+00 8.337e+00 -2.588e+00 -1.508e+00 1.137e+01 -9.157e+00 -1.758e+01 2.015e+01 3.000e+00
-9.245e-12 -1.691e-12 1.002e-05 4.805e-06 -7.842e-11 4.005e-09 4.813e-04 3.499e-04 7.711e-04 8.902e-05 -4.296e-11 -7.171e+00 4.970e+00 6.349e+00 -2.200e+00 -1.065e+00 2.264e+01 6.666e+00 6.929e+00 4.239e+01 3.000e+00
1.894e-11 -1.646e-12 -1.953e-05 9.288e-05 -2.393e-10 4.107e-09 -7.076e-04 1.263e-03 2.751e-03 -4.113e-05 8.904e-11 -7.189e+00 -7.686e+00 1.196e+01 -6.371e+00 -1.081e+00 -3.388e+01 2.470e+01 2.424e+01 -1.975e+01 3.000e+00
-5.980e-12 -1.227e-12 -1.139e-05 1.721e-04 -2.208e-10 3.562e-09 7.740e-05 -1.715e-03 -1.420e-03 1.904e-05 -2.700e-11 -5.825e+00 -6.289e+00 2.188e+01 -5.801e+00 -1.030e+00 2.468e+00 -3.296e+01 -1.314e+01 9.270e+00 3.000e+00
2.919e-11 -1.404e-13 4.565e-05 1.989e-04 -8.614e-11 -9.118e-09 9.723e-05 -2.354e-03 2.761e-03 5.427e-05 1.364e-10 -1.241e+00 1.548e+01 2.058e+01 -2.096e+00 -7.792e-01 3.086e+00 -4.496e+01 2.337e+01 2.629e+01 3.000e+00
3.817e-11 -5.324e-13 2.845e-05 2.171e-04 1.631e-10 -1.326e-09 -2.112e-04 -1.748e-04 -3.452e-03 -8.472e-06 1.804e-10 -2.543e+00 1.145e+01 3.271e+01 4.455e+00 -1.024e+00 -1.024e+01 -3.014e+00 -3.084e+01 -3.934e+00 3.000e+00
1.438e-11 -4.337e-13 -4.814e-05 -8.410e-05 -1.898e-10 -2.880e-09 8.607e-05 3.980e-04 -5.755e-04 2.036e-06 6.719e-11 -1.826e+00 -1.923e+01 -9.288e+00 -5.287e+00 -9.919e-01 4.630e+00 7.666e+00 -4.681e+00 8.559e-01 3.000e+00
1.538e-11 -2.099e-12 2.840e-05 -5.557e-05 -2.717e-10 1.656e-08 -1.211e-04 6.060e-05 -1.477e-03 -6.376e-05 7.121e-11 -9.584e+00 1.070e+01 -1.498e+01 -7.182e+00 -9.569e-01 -6.500e+00 1.458e+00 -1.345e+01 -3.013e+01 3.000e+00
-2.522e-11 3.429e-13 3.277e-06 8.635e-05 -6.400e-11 -1.871e-08 2.487e-04 -6.776e-04 4.418e-03 -5.086e-05 -1.176e-10 6.784e-01 -2.854e+00 2.937e+00 -1.427e+00 -1.483e+00 1.114e+01 -1.231e+01 3.790e+01 -2.377e+01 3.000e+00
-8.661e-12 4.634e-13 -3.064e-05 -2.401e-04 -2.672e-10 -2.744e-09 4.905e-04 -8.071e-04 1.393e-03 1.547e-05 -4.267e-11 2.230e+00 -1.192e+01 -3.838e+01 -7.213e+00 -1.475e+00 2.288e+01 -1.619e+01 1.256e+01 7.169e+00 3.000e+00
2.909e-11 -2.303e-12 -1.003e-05 -1.610e-04 -1.449e-10 8.881e-09 -8.378e-04 5.140e-04 -2.276e-05 1.357e-05 1.360e-10 -9.445e+00 -5.007e-01 -1.703e+01 -4.039e+00 -1.125e+00 -3.931e+01 8.998e+00 3.383e-01 5.931e+00 3.000e+00
-2.496e-12 2.230e-12 -1.127e-05 6.963e-05 -2.932e-12 2.939e-08 2.335e-04 6.759e-04 4.614e-03 -1.051e-04 -1.245e-11 9.821e+00 -3.922e+00 1.165e+01 -1.781e-01 -9.266e-01 1.098e+01 1.309e+01 4.065e+01 -5.003e+01 3.000e+00
-1.380e-11 2.708e-12 -6.375e-06 -4.440e-05 -1.076e-10 8.873e-09 1.311e-03 6.059e-04 -2.167e-03 -3.805e-06 -6.446e-11 1.211e+01 -2.172e+00 -5.280e+00 -2.973e+00 -7.157e-01 6.206e+01 1.156e+01 -1.887e+01 -1.917e+00 3.000e+00
2.925e-12 -1.586e-12 2.322e-05 1.305e-04 -2.040e-10 -1.526e-08 -1.759e-03 -2.097e-03 2.576e-03 3.083e-05 1.482e-11 -6.869e+00 9.927e+00 1.696e+01 -5.432e+00 -6.014e-01 -8.287e+01 -4.088e+01 2.274e+01 1.465e+01 3.000e+00
-1.809e-11 -1.827e-12 1.911e-05 7.568e-05 -8.113e-11 4.477e-10 -1.131e-03 -2.735e-04 4.875e-03 -2.077e-06 -8.464e-11 -9.113e+00 2.059e+00 -2.759e+00 -1.871e+00 -8.339e-01 -5.453e+01 -3.807e+00 4.180e+01 -1.614e-01 3.000e+00
1.120e-11 1.841e-14 2.111e-05 -1.002e-04 1.238e-10 9.361e-09 6.776e-04 1.010e-03 -7.745e-04 7.568e-05 5.161e-11 5.786e-01 1.281e+01 -5.453e+00 3.232e+00 -1.149e+00 3.203e+01 1.887e+01 -6.177e+00 3.566e+01 3.000e+00
-2.596e-11 -1.072e-12 -2.147e-05 2.784e-05 3.653e-10 7.661e-09 9.177e-04 -1.731e-04 3.064e-04 -3.457e-05 -1.219e-10 -4.882e+00 -9.819e+00 3.506e+00 9.961e+00 -9.255e-01 4.303e+01 -3.209e+00 2.477e+00 -1.646e+01 3.000e+00
2.964e-11 3.024e-12 -4.110e-05 1.581e-05 -5.339e-11 1.047e-08 8.132e-04 1.490e-03 6.528e-03 4.058e-05 1.388e-10 1.343e+01 -1.520e+01 5.454e+00 -1.548e+00 -1.122e+00 3.877e+01 2.878e+01 5.826e+01 1.919e+01 3.000e+00
-1.697e-11 3.209e-13 -6.542e-05 7.840e-05 -1.679e-11 4.895e-09 1.091e-04 8.067e-04 1.492e-03 -6.517e-05 -7.901e-11 1.963e+00 -2.514e+01 1.908e+01 -6.670e-01 -1.307e+00 5.554e+00 1.530e+01 1.404e+01 -3.143e+01 3.000e+00
2.774e-12 1.955e-12 5.625e-05 2.980e-05 -4.598e-10 1.658e-09 -2.221e-04 9.749e-04 3.773e-03 5.945e-05 1.371e-11 8.548e+00 2.350e+01 7.548e+00 -1.236e+01 -1.200e+00 -1.007e+01 1.901e+01 3.375e+01 2.817e+01 3.000e+00
-6.324e-12 3.221e-13 5.580e-05 -1.391e-04 -1.724e-10 -4.626e-09 9.704e-04 -3.598e-03 -1.305e-03 -1.274e-05 -3.139e-11 5.956e-01 1.885e+01 -3.214e+01 -4.345e+00 -1.150e+00 4.479e+01 -6.890e+01 -1.267e+01 -5.452e+00 3.000e+00
1.250e-11 -1.464e-12 -4.372e-05 1.558e-06 -1.631e-13 3.285e-09 4.579e-04 1.432e-03 6.796e-04 5.525e-05 5.855e-11 -6.208e+00 -1.721e+01 4.705e+00 -8.702e-02 -1.141e+00 2.198e+01 2.759e+01 6.370e+00 2.621e+01 3.000e+00
-2.903e-11 -5.426e-13 1.643e-05 -1.824e-04 -3.559e-11 -1.199e-08 9.587e-04 5.174e-04 -1.659e-03 -4.566e-05 -1.372e-10 -1.932e+00 1.105e+01 -2.118e+01 -1.074e+00 -1.339e+00 4.609e+01 9.264e+00 -1.409e+01 -2.233e+01 3.000e+00
1.247e-13 -1.393e-12 -1.050e-04 -2.453e-04 1.820e-10 -1.357e-09 -1.405e-04 -1.223e-03 -1.193e-03 6.863e-06 -4.064e-13 -6.173e+00 -4.395e+01 -4.107e+01 5.041e+00 -1.141e+00 -6.909e+00 -2.366e+01 -1.077e+01 3.170e+00 3.000e+00
1.719e-12 2.739e-13 4.701e-05 1.809e-05 2.018e-09 -3.643e-08 1.202e-04 -8.530e-04 6.822e-04 -1.938e-05 1.195e-11 9.801e-01 1.526e+01 -1.045e+01 5.444e+01 -1.159e+00 4.793e+00 -1.547e+01 4.600e+00 -8.366e+00 3.000e+00
3.363e-11 -1.618e-12 -2.305e-05 9.574e-05 -2.470e-10 -2.250e-08 5.768e-04 -5.773e-03 -5.129e-03 1.470e-05 1.568e-10 -8.442e+00 -1.573e+01 -6.126e-01 -6.355e+00 -8.065e-01 2.651e+01 -1.110e+02 -4.693e+01 7.855e+00 3.000e+00
1.030e-11 -6.272e-14 -2.076e-05 -5.284e-05 1.514e-10 7.213e-10 6.566e-04 1.295e-03 4.696e-03 -3.187e-05 4.714e-11 7.535e-02 -6.726e+00 -3.554e+00 4.054e+00 -1.453e+00 3.086e+01 2.472e+01 4.202e+01 -1.553e+01 3.000e+00
1.372e-12 -1.485e-12 1.822e-05 -3.116e-06 2.941e-10 -1.264e-08 -8.905e-05 7.552e-04 -8.972e-04 2.893e-05 6.798e-12 -6.110e+00 1.013e+01 6.966e+00 7.877e+00 -1.138e+00 -3.024e+00 1.380e+01 -7.347e+00 1.344e+01 3.000e+00
-2.990e-11 -1.349e-13 -2.085e-05 -1.421e-04 -7.491e-11 -3.946e-09 -3.480e-04 1.308e-03 -3.029e-03 -5.808e-05 -1.406e-10 4.335e-01 -3.046e+00 -8.474e+00 -2.296e+00 -1.141e+00 -1.513e+01 2.432e+01 -2.545e+01 -2.820e+01 3.000e+00
-1.880e-11 1.698e-13 4.331e-06 2.416e-04 -4.701e-10 -1.904e-08 1.452e-03 -2.140e-03 2.164e-03 -4.297e-05 -8.672e-11 3.583e-01 1.505e+00 3.214e+01 -1.261e+01 -1.358e+00 6.833e+01 -4.148e+01 1.858e+01 -2.038e+01 3.000e+00
-2.531e-11 2.337e-13 1.092e-05 1.383e-04 4.642e-11 1.858e-08 -1.484e-03 1.760e-03 2.547e-03 1.532e-06 -1.167e-10 1.366e+00 5.587e+00 2.600e+01 1.143e+00 -1.091e+00 -7.006e+01 3.383e+01 2.304e+01 6.999e-01 3.000e+00
-3.678e-11 -1.384e-12 -8.012e-05 1.399e-05 -2.259e-11 -1.031e-08 2.924e-04 1.540e-03 -1.878e-03 -1.027e-04 -1.709e-10 -5.478e+00 -3.071e+01 9.295e+00 -7.706e-01 -1.102e+00 1.464e+01 2.940e+01 -1.618e+01 -4.944e+01 3.000e+00
2.403e-11 2.970e-12 -7.794e-05 -9.053e-05 -9.873e-12 -5.194e-09 5.808e-04 1.926e-03 -3.162e-03 -2.924e-05 1.131e-10 1.387e+01 -2.804e+01 -3.343e+00 -4.450e-01 -1.184e+00 2.837e+01 3.640e+01 -2.722e+01 -1.445e+01 3.000e+00
1.525e-11 -2.026e-12 6.330e-05 -1.697e-05 -4.116e-11 7.509e-09 -9.483e-04 -3.524e-04 -8.091e-05 -2.891e-05 7.070e-11 -9.297e+00 2.451e+01 -7.361e+00 -9.161e-01 -9.510e-01 -4.588e+01 -5.878e+00 -1.398e+00 -1.340e+01 3.000e+00
3.649e-11 2.682e-12 2.553e-05 2.454e-04 2.160e-10 -4.457e-09 8.534e-04 1.179e-03 9.580e-05 -6.824e-05 1.710e-10 1.181e+01 1.128e+01 3.755e+01 5.911e+00 -1.057e+00 4.016e+01 2.320e+01 6.660e-01 -3.246e+01 3.000e+00
-1.053e-11 2.637e-12 6.431e-05 9.694e-06 -1.469e-10 -9.717e-09 -1.244e-04 -2.249e-03 -1.981e-03 -8.343e-05 -4.945e-11 1.109e+01 2.918e+01 -6.276e+00 -3.795e+00 -1.385e+00 -6.184e+00 -4.359e+01 -1.846e+01 -3.909e+01 3.000e+00
1.139e-11 5.384e-13 -9.390e-06 2.847e-05 -1.991e-10 9.395e-09 3.923e-04 -1.826e-03 -3.689e-04 3.452e-05 5.406e-11 1.573e+00 -2.958e+00 6.310e+00 -5.330e+00 -5.381e-01 1.703e+01 -3.496e+01 -4.238e+00 1.689e+01 3.000e+00
-8.869e-12 -1.773e-12 5.491e-06 -2.818e-05 -2.910e-10 6.607e-09 -1.112e-04 2.772e-03 1.139e-03 -1.036e-05 -4.157e-11 -8.286e+00 -1.096e+00 -4.217e+00 -8.095e+00 -1.361e+00 -5.238e+00 5.394e+01 9.976e+00 -5.103e+00 3.000e+00
-7.349e-12 -3.451e-13 7.987e-06 -5.931e-05 -4.292e-10 8.115e-09 3.731e-04 3.789e-04 2.266e-04 -1.715e-05 -3.488e-11 -7.163e-01 1.002e+01 2.399e+00 -1.159e+01 -9.884e-01 1.745e+01 6.728e+00 1.521e+00 -8.608e+00 3.000e+00
1.608e-11 1.874e-12 6.676e-05 3.358e-05 -2.541e-10 1.817e-09 -4.140e-04 -9.626e-04 -2.169e-03 2.445e-06 7.430e-11 8.010e+00 2.870e+01 -8.390e+00 -6.738e+00 -9.395e-01 -2.024e+01 -1.828e+01 -1.962e+01 1.636e+00 3.000e+00
-9.696e-12 -1.025e-12 7.821e-06 6.091e-06 -1.904e-10 1.966e-08 7.941e-04 -1.513e-04 -1.729e-03 -5.215e-05 -4.473e-11 -4.488e+00 8.893e+00 5.776e+00 -5.265e+00 -4.100e-01 3.662e+01 -3.432e+00 -1.456e+01 -2.514e+01 3.000e+00
-6.492e-12 2.149e-13 -3.715e-05 -3.043e-05 -1.279e-10 1.104e-08 2.996e-04 3.090e-04 2.353e-03 -6.736e-06 -3.041e-11 8.122e-01 -1.483e+01 -9.317e-01 -3.468e+00 -1.059e+00 1.283e+01 6.338e+00 2.086e+01 -2.441e+00 3.000e+00
-1.535e-11 -1.337e-12 -5.438e-05 3.775e-05 1.757e-10 -9.472e-09 -7.940e-04 -2.124e-03 7.307e-03 2.090e-05 -7.152e-11 -7.336e+00 -2.435e+01 -3.231e+00 5.060e+00 -1.042e+00 -3.929e+01 -4.116e+01 6.270e+01 1.037e+01 3.000e+00
-9.946e-12 1.317e-12 -4.287e-05 -1.655e-04 4.697e-10 1.338e-08 3.011e-04 3.039e-03 5.914e-03 7.452e-05 -4.661e-11 5.925e+00 -1.116e+01 -1.210e+01 1.252e+01 -1.143e+00 1.366e+01 5.769e+01 5.256e+01 3.480e+01 3.000e+00
-8.117e-12 -1.505e-12 7.106e-05 9.829e-07 -1.771e-10 1.531e-09 -1.001e-03 -1.132e-03 9.803e-04 -9.747e-05 -3.824e-11 -6.438e+00 3.310e+01 4.289e+00 -4.804e+00 -9.227e-01 -4.764e+01 -2.185e+01 8.925e+00 -4.679e+01 3.000e+00
-5.295e-12 3.195e-14 6.844e-05 1.208e-04 -2.452e-10 6.197e-09 -2.065e-04 -9.383e-04 -1.019e-03 3.962e-06 -2.470e-11 5.188e-03 2.532e+01 1.091e+01 -6.913e+00 -8.260e-01 -1.005e+01 -1.588e+01 -8.570e+00 1.941e+00 3.000e+00
1.103e-11 -2.679e-12 4.021e-05 -1.011e-04 -4.057e-10 3.381e-10 3.197e-04 1.973e-03 1.557e-03 8.226e-05 5.051e-11 -1.053e+01 2.768e+01 -7.884e+00 -1.116e+01 -1.037e+00 1.499e+01 3.699e+01 1.524e+01 3.862e+01 3.000e+00
-9.210e-12 -8.460e-13 -6.434e-05 2.043e-04 4.275e-10 1.535e-08 -1.037e-03 -2.246e-04 -4.357e-03 -7.892e-05 -4.352e-11 -4.204e+00 -2.601e+01 2.861e+01 1.161e+01 -8.048e-01 -4.983e+01 -4.649e+00 -3.871e+01 -3.750e+01 3.000e+00
-6.196e-12 -5.114e-13 9.785e-05 -3.191e-05 -8.838e-11 -5.912e-10 -7.009e-04 -2.784e-04 -2.882e-04 3.784e-05 -2.932e-11 -2.060e+00 4.244e+01 1.067e-01 -2.722e+00 -9.130e-01 -3.235e+01 -6.047e+00 -7.841e-01 1.734e+01 3.000e+00
-5.565e-12 -7.309e-13 -6.553e-05 -6.100e-05 3.457e-10 2.090e-09 -3.515e-04 -3.690e-05 3.187e-03 4.482e-05 -2.676e-11 -3.794e+00 -2.876e+01 -1.139e+01 9.196e+00 -1.161e+00 -1.656e+01 -3.641e-01 2.903e+01 2.126e+01 3.000e+00
-5.689e-12 -6.472e-13 -1.379e-05 3.523e-05 4.646e-10 1.352e-08 1.564e-03 8.039e-04 -4.314e-03 3.561e-05 -2.648e-11 -2.727e+00 -4.774e+00 1.016e+01 1.202e+01 -1.004e+00 7.295e+01 1.585e+01 -3.739e+01 1.683e+01 3.000e+00
-3.968e-12 3.500e-12 -8.826e-05 -8.663e-05 1.005e-10 -3.625e-09 -7.292e-04 1.199e-03 1.493e-03 4.282e-05 -1.842e-11 1.488e+01 -3.418e+01 -5.479e+00 2.554e+00 -1.190e+00 -3.425e+01 2.224e+01 1.384e+01 2.063e+01 3.000e+00
-5.701e-12 -7.481e-13 -7.699e-05 4.176e-05 -8.547e-11 4.592e-09 1.394e-03 -2.428e-04 6.486e-04 -4.888e-05 -2.621e-11 -4.029e+00 -3.561e+01 4.445e+00 -2.325e+00 -1.097e+00 6.522e+01 -4.170e+00 5.401e+00 -2.340e+01 3.000e+00
3.570e-12 2.077e-12 2.080e-05 5.902e-05 4.561e-11 4.626e-09 -1.835e-03 7.888e-04 -3.982e-03 -2.023e-04 1.744e-11 9.322e+00 1.303e+01 1.105e+01 1.041e+00 -1.287e+00 -8.662e+01 1.496e+01 -3.519e+01 -9.636e+01 3.000e+00
